Geneid	baseMeanDTT	log2FoldChangeDTT	lfcSEDTT	statDTT	pvalueDTT	padjDTT	gene_name	baseMeanCov2	log2FoldChangeCov2	lfcSECov2	statCov2	pvalueCov2	padjCov2
ENSG00000001461	2408.8407134298263	-0.44820161696812516	0.1627312326374362	-2.7542445890931986	0.005882778624436191	0.029213901289534955	NIPAL3	2408.8407134298263	-0.438161940909648	0.1619518569864421	-2.7055073591797654	0.006820013712577679	0.043471911640624965
ENSG00000117614	877.5291431218375	-0.4448821816367774	0.18529892299777687	-2.400889192659338	0.016355288216018758	0.06196361212058587	SYF2	877.5291431218375	-0.5995036499580421	0.18391222390769948	-3.2597270438038777	0.001115194823117848	0.011007087872711627
ENSG00000159592	3318.9256807489633	-0.28415691061511444	0.08931740563599079	-3.1814281728377063	0.0014655085800917393	0.010221592276639862	GPBP1L1	3318.9256807489633	-0.3493023954901552	0.08847202537555342	-3.948167728809274	7.875162306521068e-5	0.001449938536973706
ENSG00000159658	5596.346057522548	-0.3973497809014076	0.10176770510116986	-3.904478149589716	9.442892284059334e-5	0.0012265376268801528	EFCAB14	5596.346057522548	-0.31023366376705824	0.1011821147415468	-3.0660919131755597	0.0021687663491093824	0.018288698496511945
ENSG00000215883	670.0575715325068	-0.328621016736391	0.1416332960831142	-2.3202243104160156	0.020328746153426374	0.07281293209337358	CYB5RL	670.0575715325068	-0.3585500888006434	0.13875413858312907	-2.58406770754324	0.009764262378998134	0.056860238556714356
ENSG00000125703	382.16025781779757	-0.5044819128158109	0.20174705911426252	-2.500566377674382	0.01239948942682297	0.0503920457440753	ATG4C	382.16025781779757	-0.45259643168640357	0.19738199047282648	-2.292997606327779	0.02184814276216303	0.09982856449488492
ENSG00000116791	4089.078595752631	-0.4221663410815244	0.15701755724711416	-2.688656915080644	0.007174010960309354	0.033794458688600565	CRYZ	4089.078595752631	-0.7381148058244077	0.15680036907663153	-4.707353752870798	2.5095319853883914e-6	8.440137902145828e-5
ENSG00000137992	1064.1378320853337	-0.6561198523264339	0.1660427908255311	-3.9515106260521096	7.765942326242273e-5	0.0010575888388701439	DBT	1064.1378320853337	-0.3764402216682437	0.1633714721192563	-2.3041980144088656	0.021211530623297815	0.09794697730697176
ENSG00000121940	1340.9368973274875	-0.3124941942288037	0.1135085829857543	-2.7530446245463462	0.0059043847534050965	0.029267628271669708	CLCC1	1340.9368973274875	-0.30690197729962476	0.11162427596205904	-2.7494196459911677	0.005970089867630291	0.039171271733538
ENSG00000134248	1305.902829536443	-0.34304838061630644	0.14774614619363527	-2.321877013067462	0.020239558888729175	0.0725606227907114	LAMTOR5	1305.902829536443	-0.6360939501729094	0.14698765885607434	-4.327533040006797	1.5078873134579788e-5	3.708008511741444e-4
ENSG00000174827	90.4974121380411	-0.9601073556796661	0.41917356906107706	-2.290476849077692	0.021993689119666537	0.07699531592333635	PDZK1	90.4974121380411	-1.0501428009964386	0.41035501444589906	-2.559108001676165	0.010494113326762904	0.05997053779770874
ENSG00000163346	3011.3254361503436	-0.6951976883086531	0.29812876656218446	-2.331870541461644	0.01970750263134606	0.071180539011841	PBXIP1	3011.3254361503436	-0.683136050475454	0.2977452819316403	-2.2943639813318555	0.02176960027497582	0.09956472278628273
ENSG00000132718	183.18899078741777	-0.4810104628939045	0.17525341641609835	-2.7446566961745122	0.00605742282787199	0.029822936428225724	SYT11	183.18899078741777	-0.8160358834152742	0.17104728470199604	-4.770820447907124	1.834770395835959e-6	6.458121974166716e-5
ENSG00000143164	4553.6923404505105	-0.33109472003513696	0.10433758506505669	-3.1733025048326775	0.0015071540102216986	0.01042285515599499	DCAF6	4553.6923404505105	-0.34514617875471976	0.10375075952399054	-3.3266858029594544	8.788540690320133e-4	0.009212571741145068
ENSG00000143153	14454.37027995802	-0.7371963144564504	0.21320195434442282	-3.457737133429494	5.447326079256621e-4	0.0048142920668498585	ATP1B1	14454.37027995802	-0.6752574786691854	0.21307940060128053	-3.1690415721261767	0.0015294251756119838	0.014016640042733695
ENSG00000135842	329.96613130082955	-0.5022133015091924	0.19133736725068534	-2.624752857873315	0.0086711881291086	0.03880481993962935	NIBAN1	329.96613130082955	-0.5612118772150362	0.18686912436279313	-3.003234906401569	0.002671261567138654	0.021455250204518016
ENSG00000157181	942.3688290841296	-0.48264566021333494	0.16266017457219367	-2.9672023990059206	0.003005230564606288	0.01750018430325828	ODR4	942.3688290841296	-0.6312373218980853	0.1611412787186922	-3.9172912547135113	8.954953085468851e-5	0.0016135769292398767
ENSG00000162896	3062.4503687457523	-1.058632231025568	0.4911330628207581	-2.1554896445892955	0.031123538107203863	0.09971381420483025	PIGR	3062.4503687457523	-1.3257561968340217	0.49098132221467455	-2.7002171708974987	0.006929422685333197	0.04395469928625002
ENSG00000174606	674.9073192015178	-0.6945654917866655	0.16371762903393552	-4.2424599958181375	2.2108295910129295e-5	3.79097291110124e-4	ANGEL2	674.9073192015178	-0.3894658872235953	0.15923378818979927	-2.445874657954944	0.014450122663058094	0.07526642160466933
ENSG00000228437	711.7211997822874	-0.3480369370990479	0.1298706226665772	-2.6798742467923566	0.007364982284568866	0.0344425810009859	LINC02474	711.7211997822874	-0.7681271096852963	0.1290044065043097	-5.954270326879379	2.6123470113369113e-9	2.484497710583403e-7
ENSG00000134313	2627.053659095639	-1.0740081705482611	0.11231626271691268	-9.562356728831363	1.1510516574194712e-21	7.129153545393236e-19	KIDINS220	2627.053659095639	-0.5036232590294024	0.10981307618041558	-4.586186604972097	4.514151693988211e-6	1.3822544238244072e-4
ENSG00000162981	562.0502269645106	-0.7911692082832164	0.29636661666881614	-2.669562507329671	0.007595013494120495	0.03528106008702302	LRATD1	562.0502269645106	-0.7292011264076298	0.2940295995465542	-2.4800262542689144	0.013137270921482293	0.07031843000499709
ENSG00000068697	5138.101084241245	-0.2390612315450113	0.10974232249136359	-2.178386843998356	0.029377248515043298	0.09540212164574882	LAPTM4A	5138.101084241245	-0.5123366437661465	0.10947846195920083	-4.679793948485303	2.8716337287020735e-6	9.502196308269695e-5
ENSG00000218739	1095.1083331138848	-0.43354491185803695	0.15156603513032013	-2.860435792790018	0.004230592105158656	0.022737413452369536	CEBPZOS	1095.1083331138848	-0.6583081899554533	0.15042918344380768	-4.376199982507797	1.207662217308593e-5	3.1201163957429164e-4
ENSG00000138078	2715.8848293984547	-0.4187658415743017	0.11366841576536865	-3.6841002731902863	2.2951188453558936e-4	0.0024644674203530273	PREPL	2715.8848293984547	-0.4115919823336808	0.11269475022945317	-3.6522729008729793	2.599294371147839e-4	0.0035823864168957878
ENSG00000115392	458.0485693047469	-0.4312354692273474	0.18756158181305935	-2.299167372437471	0.021495436979486037	0.07557569168718478	FANCL	458.0485693047469	-0.46284894586806824	0.18424116305726307	-2.5121907514457695	0.011998421426011808	0.06609000055786866
ENSG00000087338	1856.0621530615174	-0.7954449634397024	0.17712661770825577	-4.490826809270842	7.094722424216996e-6	1.4845227299537292e-4	GMCL1	1856.0621530615174	-0.6769914779746217	0.17584905759051794	-3.849844220098488	1.1819297272019737e-4	0.0019736852107380865
ENSG00000116005	2992.7763875374617	-0.5521696311079476	0.10744893755912666	-5.138902660662433	2.763474946043381e-7	9.495362925274243e-6	PCYOX1	2992.7763875374617	-0.48565292605708316	0.10636284881465229	-4.566001488953921	4.971152355625142e-6	1.4921549841077268e-4
ENSG00000124374	620.6942535616844	-0.6733351934178462	0.1931081693359832	-3.4868291472761577	4.887835060104882e-4	0.004457963581567037	PAIP2B	620.6942535616844	-0.5771297758814619	0.1898850510368069	-3.039363934813343	0.0023707826798270836	0.019569336852094357
ENSG00000136731	7476.089630046623	-0.5049595775053354	0.0950698116910039	-5.311460794164146	1.0874996841613162e-7	4.180804589218706e-6	UGGT1	7476.089630046623	-0.30453122564239943	0.09450337050391355	-3.2224377185551094	0.0012710479540053471	0.012177131199113268
ENSG00000115762	5998.544349176081	-0.39824643198701043	0.12368715970518154	-3.219787995263723	0.0012828543080726149	0.009251847278153875	PLEKHB2	5998.544349176081	-0.3881136830030107	0.12328505813009141	-3.1480999310838618	0.001643355027062099	0.01472253371406039
ENSG00000183091	9316.183944954853	-0.6923955750805414	0.1706446598964256	-4.057528524483552	4.959476147132731e-5	7.299670024924258e-4	NEB	9316.183944954853	-0.5260828828566334	0.17037917358520008	-3.087718245056281	0.0020169960585561045	0.017282864198642132
ENSG00000163072	1128.3554471471973	-0.7950827297254456	0.26141256969694454	-3.041486224810018	0.002354133368840662	0.01460392671599712	NOSTRIN	1128.3554471471973	-0.9297758076938464	0.26046692341310923	-3.5696502093634015	3.574582071325105e-4	0.004616418446609697
ENSG00000116095	300.40750747211825	-0.5189306040174249	0.19687383937246228	-2.6358535276780417	0.008392595021964256	0.037930805989519714	PLEKHA3	300.40750747211825	-0.5935622674453999	0.19219366725799772	-3.088354969826406	0.002012679056308191	0.017256169509039958
ENSG00000115419	2009.708404323953	-0.528262569770248	0.1627211624487979	-3.246428195450435	0.0011686292363753182	0.008629020074408883	GLS	2009.708404323953	-0.7219407277843248	0.16206779033220883	-4.454560195486596	8.40653413916398e-6	2.3402184787780418e-4
ENSG00000196950	4783.76213077029	-0.8953360287386947	0.16063167215807667	-5.5738449130853835	2.4917757949563586e-8	1.1183378669305581e-6	SLC39A10	4783.76213077029	-0.843298138169567	0.16010637372981498	-5.267111599146338	1.3858696489031718e-7	7.211041314455959e-6
ENSG00000131389	5715.862508987787	-0.46515718058665323	0.07462823315503314	-6.232992004786351	4.5760953547923053e-10	3.054149158345002e-8	SLC6A6	5715.862508987787	-0.2226506786831682	0.07365463709383549	-3.022901034723894	0.0025036410514446845	0.02038253352596208
ENSG00000169814	1115.6076456705946	-0.3984283383912303	0.17487102637158433	-2.278412534416124	0.022702010295464592	0.07883335443260232	BTD	1115.6076456705946	-0.4909574676335008	0.17358567087208546	-2.8283294650241335	0.004679162354448901	0.032758295060142675
ENSG00000114742	1318.4810516786617	-0.3644662025595994	0.11629821155143599	-3.133893442535051	0.0017250348648204785	0.011488361224464642	WDR48	1318.4810516786617	-0.320342717312881	0.1142677542669595	-2.8034393374396442	0.005056074280095168	0.03449419607432148
ENSG00000163807	663.015975224025	-0.3036638317635735	0.12725976356504365	-2.386173156831052	0.017024732958829756	0.06394116148535628	KIAA1143	663.015975224025	-0.46111142568251495	0.12475642865713495	-3.6960935051273087	2.1894236334565157e-4	0.0031856446605946324
ENSG00000170017	10416.588557146322	-0.5841936273782864	0.1251850318265697	-4.666641201862084	3.0616327198017034e-6	7.407237661470247e-5	ALCAM	10416.588557146322	-0.4629704289431235	0.12489392037011442	-3.7069092520367923	2.0980407840779034e-4	0.003083138033154565
ENSG00000173702	267.0033238500093	-0.7589824238503511	0.19871829877532654	-3.819388695091771	1.337828095238072e-4	0.0016196192514985382	MUC13	267.0033238500093	-0.6917552826203176	0.1913415523548346	-3.615290427546482	3.0001109391604794e-4	0.004019085186313773
ENSG00000114126	1477.515533182945	-0.5144638795255632	0.12789630984624853	-4.022507609046967	5.758179336900903e-5	8.232654557024338e-4	TFDP2	1477.515533182945	-0.5670573244384804	0.12638595014448026	-4.486711725395419	7.233083556210899e-6	2.0701967650688685e-4
ENSG00000120756	8937.077813717697	-0.26478598662708286	0.1156245258224138	-2.2900503569092616	0.0220183976612829	0.07704697613272415	PLS1	8937.077813717697	-0.47065306652218125	0.11544762101814389	-4.076767129295916	4.5666186346967045e-5	9.315512814329456e-4
ENSG00000196549	964.7581188470432	-1.4094171097641672	0.34868702163526377	-4.042069312342965	5.2981565524298594e-5	7.697837777100509e-4	MME	964.7581188470432	-1.1949045300210093	0.3467689162261448	-3.445823642514008	5.693217753631488e-4	0.006582954924307713
ENSG00000079257	932.5975120595672	-0.28899285640956246	0.13405235010897373	-2.155820887695252	0.03109765381216377	0.09965150488980624	LXN	932.5975120595672	-0.5823852186375605	0.13291037297350014	-4.381789062872296	1.1770874211859262e-5	3.0568087623238853e-4
ENSG00000179674	1457.4031121213627	-0.498010538962061	0.16910920377482277	-2.9449049953850324	0.0032305384240633537	0.01856780139502486	ARL14	1457.4031121213627	-0.5075871214444552	0.16787742868072217	-3.0235578745360114	0.002498212399743642	0.02036142353729764
ENSG00000114248	19.34856375290132	-1.2829462834497698	0.4956137917928355	-2.588600851499379	0.009636672375722907	0.04170623584228693	LRRC31	19.34856375290132	-2.1676625431823546	0.5293206927514691	-4.095178164893948	4.218438567634149e-5	8.729250182967437e-4
ENSG00000075651	3728.528157042074	-0.710789713188224	0.18303826262980974	-3.8832848551768557	1.0305471845973006e-4	0.001318759719529306	PLD1	3728.528157042074	-0.5391604257308791	0.18240988833677552	-2.9557631477491526	0.003118965057037136	0.02409930136420186
ENSG00000121858	963.9720929492914	-0.3465548493153923	0.13687543366545682	-2.5318995530083366	0.011344648471867095	0.04705613097733461	TNFSF10	963.9720929492914	-0.46679006943628304	0.13511427796119618	-3.454779735198242	5.50742559185847e-4	0.006425031594206296
ENSG00000196083	5404.057568534227	-0.5718657308220811	0.09858160902173438	-5.8009372792444625	6.594526516057156e-9	3.3699553985026076e-7	IL1RAP	5404.057568534227	-0.6822893437848361	0.09808867365741576	-6.955842283766605	3.504617664185579e-12	6.213557317946803e-10
ENSG00000072274	17294.269853535272	-1.1935514398780764	0.33017159465715035	-3.6149428333393074	3.0041390415875657e-4	0.0030502353390125816	TFRC	17294.269853535272	-0.8960725382635149	0.330062450435749	-2.714857558260621	0.006630428196459716	0.04260383862611095
ENSG00000114503	2986.2374966159728	-0.34841852842157095	0.10674620013464914	-3.263989987297698	0.0010985504764316476	0.008237266623277303	NCBP2	2986.2374966159728	-0.3814873065534268	0.10589089919053142	-3.602644887045578	3.149957221492913e-4	0.004176965434705422
ENSG00000007062	2671.2964003340767	-0.6466174561987071	0.1624373163887653	-3.98071988982594	6.870687438360577e-5	9.592941775976119e-4	PROM1	2671.2964003340767	-0.5318426152254369	0.16154190824023723	-3.2922887999719954	9.937550630336781e-4	0.01010001164913422
ENSG00000168214	1347.9848345730575	-0.3814650188451833	0.14424154742197687	-2.6446265009152468	0.008178113158960354	0.03718407142882346	RBPJ	1347.9848345730575	-0.33237578436406595	0.14262156195013795	-2.330473596133158	0.01978113396206675	0.09409634475960271
ENSG00000035928	1926.6718351577213	-0.41547212895738067	0.10571922885992553	-3.9299579975925423	8.496070153539514e-5	0.0011359430016529095	RFC1	1926.6718351577213	-0.3005435086779146	0.1039979119070237	-2.889899452467918	0.003853650628666663	0.028337059231071146
ENSG00000145246	390.47613819495893	-0.49725332252403304	0.14730495294797866	-3.3756727969604667	7.363543545776922e-4	0.006064739801213291	ATP10D	390.47613819495893	-0.337175764401905	0.14051497221295234	-2.3995717971669994	0.016414260509515572	0.08288508972473739
ENSG00000109205	4070.7566625382033	-0.39044177578632044	0.156702211974895	-2.4916162373564483	0.012716335057694542	0.05128932847964113	ODAM	4070.7566625382033	-0.5329378164644742	0.1563493491366286	-3.4086346979209825	6.528884390952229e-4	0.007330829455704844
ENSG00000138757	6850.964625692169	-0.29140459240106154	0.11137397248733838	-2.6164514553361204	0.008884899725047165	0.03936302928258377	G3BP2	6850.964625692169	-0.33411310408571915	0.11103225741698416	-3.0091534825861443	0.002619767335199991	0.02114682439827651
ENSG00000198189	2932.9399732942	-0.4410736463334199	0.19727972931468382	-2.23577783620058	0.0253663274594447	0.08553401881142024	HSD17B11	2932.9399732942	-0.7039398490024567	0.1969877779210971	-3.5735204307163553	3.5221374799511765e-4	0.004560993358843899
ENSG00000164039	228.0906760136036	-0.6922977502778047	0.3007799499927007	-2.3016751957522614	0.021353496021753876	0.07533144381932828	BDH2	228.0906760136036	-0.9006721883424558	0.29751665111863734	-3.0273001022161443	0.0024674885421693406	0.02016479801054631
ENSG00000138801	2196.4558047007336	-0.27299944785471897	0.09983983560593956	-2.734373972050871	0.006249901560692891	0.030554180394564322	PAPSS1	2196.4558047007336	-0.2997473906260763	0.09862285139828282	-3.0393299968134504	0.0023710497961593325	0.019569336852094357
ENSG00000138660	745.5366526755633	-0.5901994921127558	0.19868273795235827	-2.9705625068156576	0.0029725490651318965	0.01736866027339709	AP1AR	745.5366526755633	-0.7252302074199454	0.1969791531924906	-3.6817612202406056	2.316282992255238e-4	0.003323090914263484
ENSG00000151012	4227.905726358255	-0.4140808484272045	0.17403747039781853	-2.3792626236217393	0.017347311859904138	0.06484929426334034	SLC7A11	4227.905726358255	-0.5034142262955482	0.173693038857035	-2.8982982254683414	0.0037519364018154784	0.02780266185060479
ENSG00000164168	1543.4090816138707	-0.2430304859889156	0.09591618666079506	-2.5337796929770176	0.011283964920947936	0.04689235449166877	TMEM184C	1543.4090816138707	-0.28121800170307093	0.09416583281170157	-2.986412303764229	0.002822717855104594	0.022322164712090902
ENSG00000164128	365.5113520117239	-0.911536060856105	0.3279151697917349	-2.779792290289707	0.005439367780837322	0.02751083719977851	NPY1R	365.5113520117239	-0.8452227188075342	0.32443976804862856	-2.6051760667047703	0.009182705896203569	0.0543227920587164
ENSG00000248771	254.80578314828952	-1.048980879855559	0.2975314088266828	-3.52561393095345	4.2250239995481514e-4	0.00397208692222244	SMIM31	254.80578314828952	-0.6912725648025714	0.28936625838099295	-2.388919042151798	0.016898025524961526	0.08429056775407172
ENSG00000164305	1073.4343937154651	-0.4267516876046441	0.13301737549847462	-3.208240171672444	0.0013354992143312613	0.00952617491868125	CASP3	1073.4343937154651	-0.530611961732472	0.131271463685928	-4.042096788087786	5.297535621389691e-5	0.0010507998488781401
ENSG00000154556	792.7762753586708	-0.5288010728569362	0.1614304813069438	-3.275720103017436	0.001053929547368427	0.007991696920398004	SORBS2	792.7762753586708	-0.6214835920290809	0.15934223425886365	-3.900306751187091	9.607088530640633e-5	0.0017033012146732117
ENSG00000164342	194.08957870594557	-0.7955147696815835	0.28721324486503225	-2.7697704890156207	0.005609580497489301	0.02822838622785971	TLR3	194.08957870594557	-0.7473446766900571	0.28029896574581487	-2.6662412924055383	0.0076704617539743265	0.047542296611491286
ENSG00000154162	589.1692633467513	-0.37989529115721876	0.15389838290758556	-2.468481370498494	0.013568771470069603	0.05391297342636842	CDH12	589.1692633467513	-0.878655110597415	0.1534908052245727	-5.724480429377206	1.0375076636083972e-8	8.141883910972783e-7
ENSG00000113638	509.7593247389268	-0.38034541444835046	0.1636069826204332	-2.3247504987653773	0.02008530531100376	0.07219147340658826	TTC33	509.7593247389268	-0.4788914436570167	0.16064396999981728	-2.98107326193172	0.0028724006662070992	0.02264462964437523
ENSG00000132356	3478.4294170534517	-0.4399958484443264	0.13299140682827948	-3.3084532221879246	9.381285531497287e-4	0.007299488701995175	PRKAA1	3478.4294170534517	-0.46514071112090655	0.13236944003506707	-3.513958440843161	4.4148187846482115e-4	0.0054096597752843825
ENSG00000198865	267.6759705891816	-0.5939872572445761	0.2580578251805088	-2.3017603005415093	0.021348693507111983	0.07533144381932828	CCDC152	267.6759705891816	-0.6925998954729943	0.25410549429021234	-2.7256391972460863	0.006417710929639109	0.041515651648895154
ENSG00000164181	2094.033196551396	-0.5880851776026794	0.1954334687841263	-3.009132372573666	0.0026199493778135616	0.015853308529728913	ELOVL7	2094.033196551396	-0.4555320279195067	0.19448982333700454	-2.342189530041262	0.019170976763445067	0.09217087288243543
ENSG00000132842	3992.554715301915	-0.3241103519994632	0.11410826133768229	-2.840375869371268	0.004506040595836789	0.023878005676227526	AP3B1	3992.554715301915	-0.27500709708025917	0.11343645264866896	-2.424327371484373	0.015336773006630841	0.07883013498504851
ENSG00000164300	2161.1119912549934	-0.8423781489201787	0.14559032278683337	-5.785948769091953	7.210418848135569e-9	3.6621713223180463e-7	SERINC5	2161.1119912549934	-0.47606245780379924	0.14381460462104054	-3.310251132409328	9.321230012840261e-4	0.009651202899379884
ENSG00000152422	1314.2960456702021	-0.4908803108932193	0.20372315813051903	-2.409545951465801	0.015972384538133464	0.06096041463851579	XRCC4	1314.2960456702021	-0.4956013981568894	0.20258529357933153	-2.4463838879934	0.014429726753934917	0.07524520911883055
ENSG00000134986	420.67734227349285	-0.9215370147258081	0.2489749619292298	-3.7013240511620262	2.14477356509147e-4	0.002360317973125538	NREP	420.67734227349285	-0.6077629185889752	0.2436621756914026	-2.4942850356827853	0.012621114835054084	0.06837111661494218
ENSG00000092421	1586.960186653627	-0.5945629363312411	0.12929578597759117	-4.598471108983301	4.256027204055699e-6	9.719811980471746e-5	SEMA6A	1586.960186653627	-0.3018408741548549	0.127030160434919	-2.3761355029500746	0.017495036806037745	0.0863982887109725
ENSG00000064651	17597.22913791321	-0.5202073300419146	0.12677255472458324	-4.1034696442939005	4.0699987576896154e-5	6.196643142976009e-4	SLC12A2	17597.22913791321	-0.5093382540711249	0.12663098684319965	-4.0222244710278625	5.765107530274716e-5	0.0011233746165844668
ENSG00000137414	394.5712286681139	-0.48215026320900883	0.1868241816797368	-2.5807701062785036	0.009858020483033194	0.042365137152174846	FAM8A1	394.5712286681139	-0.5468566163440496	0.18307621134152136	-2.987043550534867	0.0028168959136568245	0.02228839791516565
ENSG00000146038	4755.8817973830555	-0.41866713074190726	0.09652048325540177	-4.337598783400999	1.4404779885529648e-5	2.713425933668383e-4	DCDC2	4755.8817973830555	-0.2541776082085264	0.09571058895510805	-2.6556895217492134	0.007914644613098586	0.048803976169659744
ENSG00000204613	314.41723927740736	-0.3868454359208219	0.1680528850569561	-2.30192677614379	0.021339301907976865	0.07531747224597989	TRIM10	314.41723927740736	-0.39476734048750417	0.16251329022169955	-2.42913881042569	0.015134736563956929	0.07812722925772302
ENSG00000198478	4246.944364502289	-0.4497618832147457	0.10997541274895957	-4.0896585152302665	4.32008745148594e-5	6.500703022235986e-4	SH3BGRL2	4246.944364502289	-0.26561668657108645	0.10914971279218079	-2.4335078835875286	0.014953309790677154	0.07744121237068684
ENSG00000083099	1318.731711437865	-0.3222591376419022	0.09961976128442541	-3.234891687019976	0.0012168888398280241	0.008900475576710972	LYRM2	1318.731711437865	-0.45326481487824266	0.09790507241758474	-4.629635663257338	3.6630967312431847e-6	1.1612744405603395e-4
ENSG00000135333	674.0167351310691	-1.2589047322600113	0.21632608953550542	-5.819477137330624	5.903199749610503e-9	3.067286742381511e-7	EPHA7	674.0167351310691	-0.623620344805216	0.2105035733455954	-2.962516668452862	0.0030513528784353854	0.023724853295061188
ENSG00000235142	965.4170383306064	-0.43699145242522136	0.19329376808543663	-2.2607632763000893	0.023773919799741923	0.08142344042893251	LINC02532	965.4170383306064	-1.115583069744537	0.19368438948137226	-5.7597985709211175	8.42143722017486e-9	6.756439101616266e-7
ENSG00000155085	246.85474538532404	-0.62074566766399	0.22313967089050027	-2.781870499256065	0.005404660136388123	0.027375125139625027	AK9	246.85474538532404	-0.6595157961736402	0.21751909549398307	-3.031990339403942	0.0024294697907957475	0.019948322278798013
ENSG00000112290	884.1820152845376	-0.3970282453537556	0.1103057096589098	-3.599344463504715	3.190203757212805e-4	0.003207604868615784	WASF1	884.1820152845376	-0.2559322575468411	0.10658914973826339	-2.40110985194365	0.01634542877854243	0.08268288224327151
ENSG00000111885	964.4614900472873	-0.8699100872096673	0.19011971613797066	-4.57559113215996	4.74877190600035e-6	1.0610387329366439e-4	MAN1A1	964.4614900472873	-0.5002088636880176	0.18701619298182345	-2.6746820995154903	0.007480014128215883	0.046542670231936006
ENSG00000111897	4192.9953974700875	-0.7931884572285265	0.17165881131865138	-4.620726726087632	3.823981928472478e-6	8.863852721626925e-5	SERINC1	4192.9953974700875	-0.49992637994886663	0.17095321696168497	-2.9243461388674135	0.0034518067674762145	0.02598081603130289
ENSG00000024862	248.3606442919108	-0.4760331705117959	0.18930068311359596	-2.5146933581118502	0.01191359537612335	0.04880161661478676	CCDC28A	248.3606442919108	-0.5163993471083131	0.18314506844888656	-2.8196191766552183	0.0048080673147282045	0.03330856474038193
ENSG00000006468	1690.3222129909016	-0.7176841595078554	0.20137728421756712	-3.5638784299646855	3.6541524466885756e-4	0.003552117763460284	ETV1	1690.3222129909016	-0.5637622194267216	0.20013757548684916	-2.8168734334636016	0.004849363154842435	0.0334976932499722
ENSG00000136235	135.54534066874137	-0.9761438680989271	0.3431942082900741	-2.8442900390494708	0.004451051035587695	0.0236513638418119	GPNMB	135.54534066874137	-0.9757180579153668	0.33472455638387993	-2.9149879783434876	0.0035570224394073893	0.026595789418360022
ENSG00000005020	3137.5826192748464	-0.656489807754945	0.1057893552205147	-6.205631997534269	5.447752339643182e-10	3.559198195233545e-8	SKAP2	3137.5826192748464	-0.2724573555878559	0.1042222834023785	-2.614194841001133	0.008943801615666781	0.05338401288553227
ENSG00000106080	893.5349992584861	-0.6583399069145168	0.1862363631849921	-3.5349697323104157	4.0782186973149765e-4	0.0038574916499221194	FKBP14	893.5349992584861	-0.46493035844861075	0.18364755403593896	-2.531644708742628	0.011352896104755303	0.06336530935110411
ENSG00000240583	67.11309322371152	-0.8755295811176435	0.34602114068905987	-2.530277714749251	0.011397227635696715	0.04719836124929873	AQP1	67.11309322371152	-1.0059849266895373	0.3331915783633455	-3.019238756366496	0.002534107385327954	0.020549020982888057
ENSG00000263001	1758.1356994911525	-0.6584729645379276	0.11897290884387146	-5.534646256334237	3.1185711040572424e-8	1.3718169027051802e-6	GTF2I	1758.1356994911525	-0.3714406996637536	0.11669392235610096	-3.1830338047106874	0.0014574059781036982	0.01352988314071825
ENSG00000157224	649.4976735827768	-0.8016215008588378	0.1480586010029091	-5.414217718044541	6.155722997821607e-8	2.5149133218540834e-6	CLDN12	649.4976735827768	-0.5485089348662742	0.14288729048378793	-3.8387524391366936	1.2366103392909763e-4	0.0020412598945468634
ENSG00000105829	406.03201536049846	-0.2946592306069298	0.13332362451084198	-2.2101051609421845	0.027097864774008523	0.09002002535094357	BET1	406.03201536049846	-0.6742980237681768	0.1314810119727218	-5.12848215610078	2.920875774180278e-7	1.3487683920579735e-5
ENSG00000135241	414.1280087450286	-0.6841854324837409	0.17668840689662746	-3.872271217454733	1.0782587110067783e-4	0.0013629190107125677	PNPLA8	414.1280087450286	-0.3957900724549652	0.1700200851885306	-2.3279018594543373	0.019917315499723365	0.09448488386861247
ENSG00000146802	625.4316400627076	-0.38549286802426974	0.17819908897926165	-2.1632707003857488	0.03052036523801316	0.09831024242675176	TMEM168	625.4316400627076	-0.6057229394037247	0.17652232415943656	-3.431423998568194	6.004213465274252e-4	0.00689225470130387
ENSG00000001626	5617.581987805419	-0.4658294257179608	0.15075705496457298	-3.0899345030813183	0.0020020063826813087	0.01291627784559891	CFTR	5617.581987805419	-0.8236073474812357	0.15061608898974624	-5.468256100696559	4.5448489654380476e-8	2.875267664874705e-6
ENSG00000158467	1926.2369600608927	-0.6892984800970797	0.16174435794797762	-4.261653938610836	2.0291950230592592e-5	3.531835986757335e-4	AHCYL2	1926.2369600608927	-0.5317080076499332	0.1604009564966974	-3.3148680610322976	9.168638878478085e-4	0.009530842940200788
ENSG00000257743	1668.3025120042898	-0.48401292142498276	0.14211418839076206	-3.4058029455449175	6.596977651800857e-4	0.005539457806967705	MGAM2	1668.3025120042898	-0.34724225699249894	0.14054952901712495	-2.4706042020972547	0.013488501550166964	0.07150548939163816
ENSG00000101846	1304.085201273436	-0.4170347356390896	0.11311093827260169	-3.6869531984079202	2.269550770774145e-4	0.0024476303972580495	STS	1304.085201273436	-0.25725566177192405	0.11058926807397018	-2.326226280834526	0.020006482355617975	0.09472901190538402
ENSG00000047644	1881.2343256371364	-0.8432221840755405	0.17112399803079975	-4.927550745534669	8.326680173002087e-7	2.4326474679012135e-5	WWC3	1881.2343256371364	-0.39338048454766406	0.16926240707932913	-2.324086554927086	0.020120855502726024	0.09498869358140974
ENSG00000147027	3208.2576835088003	-0.6826639733224572	0.22484922582492778	-3.036096614599836	0.0023966255595617627	0.014814111842017698	TMEM47	3208.2576835088003	-0.634504219982036	0.2243488723610533	-2.828203294736886	0.0046810070159175425	0.032758295060142675
ENSG00000069509	578.6376089629528	-0.3619247312517439	0.1444684961647365	-2.505215606584867	0.012237676905609384	0.04981287834028803	FUNDC1	578.6376089629528	-0.3983761028967242	0.1411816111389176	-2.8217279834321802	0.004776567307613906	0.03317034966375402
ENSG00000126012	5393.122850371301	-0.27343617132925174	0.1087350462868769	-2.514701383469705	0.011913324213492824	0.04880161661478676	KDM5C	5393.122850371301	-0.31634513188195884	0.10829395417289048	-2.921170755081269	0.003487186429220511	0.026171774474873743
ENSG00000094841	308.38689135829253	-0.41333519396215757	0.17338413646894973	-2.383927401779223	0.017128981126561114	0.06423471633898578	UPRT	308.38689135829253	-0.5025485153209964	0.1685830718803878	-2.9810141060756212	0.0028729555888901658	0.02264462964437523
ENSG00000155008	1390.80221382417	-0.4650154962168131	0.1306410189147161	-3.5594907333077397	3.7157464349977994e-4	0.0035959136124691206	APOOL	1390.80221382417	-0.7433404468769083	0.12974322601171542	-5.729319901524469	1.0083407980897415e-8	7.956473737014712e-7
ENSG00000124429	1494.4673417043352	-0.43567638417172466	0.14254454269927389	-3.0564227568562257	0.00223995186430031	0.014093220100295003	POF1B	1494.4673417043352	-0.3798906949323791	0.14101454518904652	-2.6939823436163346	0.007060390475434564	0.04449068346543035
ENSG00000126945	3528.4525360608	-0.4635835551928752	0.10382258904328812	-4.4651511724446324	8.001223599358997e-6	1.6451228224835887e-4	HNRNPH2	3528.4525360608	-0.4872204614597068	0.10302527308191013	-4.729135355674745	2.2547802873329773e-6	7.765203766520117e-5
ENSG00000185222	919.9019978473865	-0.5207652744076982	0.13376018847512017	-3.8932755728328106	9.88996971358398e-5	0.0012740124047016168	TCEAL9	919.9019978473865	-0.36445026956922216	0.130600232322963	-2.790579029507148	0.005261385386885551	0.03549025624286679
ENSG00000101843	1255.3499365077423	-0.33177071677732567	0.12827192918300487	-2.5864639199741837	0.009696632156657326	0.04184577823681217	PSMD10	1255.3499365077423	-0.607133822974751	0.12731123288688934	-4.768894379604068	1.8523974249684795e-6	6.504224797059251e-5
ENSG00000157600	5174.234320276529	-0.33603756837046805	0.09273234223570137	-3.6237364469490956	2.9037749971323306e-4	0.0029717152713547262	TMEM164	5174.234320276529	-0.34023763867003737	0.09214048680457505	-3.6925964955195303	2.2197607271760505e-4	0.0032148099377471606
ENSG00000101935	1569.3563006331538	-0.5099528517468297	0.13733284691891467	-3.713262072313412	2.0460481775482633e-4	0.002272669295635388	AMMECR1	1569.3563006331538	-0.3751110605370971	0.13559378876834519	-2.766432474115422	0.005667332059818704	0.03750624687145457
ENSG00000102024	10368.494507908967	-0.3060439018304774	0.09650698184323511	-3.171209957924203	0.001518053791487792	0.010465514206321004	PLS3	10368.494507908967	-0.3907965343167999	0.0962638599711164	-4.059639146342739	4.9148612315297625e-5	9.92719017524598e-4
ENSG00000005893	6695.3854133061595	-0.43914641489619693	0.15426439755382104	-2.846712669026461	0.004417321280052231	0.02353675247774561	LAMP2	6695.3854133061595	-0.4558558985405641	0.15398246721455436	-2.960440281200253	0.003071996727926045	0.023849900962607626
ENSG00000165675	1278.574375025251	-0.35990723187652335	0.1200858526093698	-2.997082704215578	0.0027257675358070806	0.016333507942893514	ENOX2	1278.574375025251	-0.3707141916878813	0.11822746538444638	-3.135601279130959	0.001715021988348797	0.015231558920641357
ENSG00000076770	978.99594051519	-0.5120335695681301	0.16982042804981776	-3.015147090654619	0.002568546575388927	0.015639549812552948	MBNL3	978.99594051519	-0.40276705811832975	0.16763522649879486	-2.4026397466121194	0.01627721394753745	0.0823958651746864
ENSG00000185515	1752.789679240748	-0.3220802101352766	0.10072731434118559	-3.1975458915177666	0.0013860235539654567	0.00977730692920325	BRCC3	1752.789679240748	-0.41245864541594024	0.0993460085724831	-4.151738467831945	3.299592061702823e-5	7.061913800017026e-4
ENSG00000042980	1107.453420558647	-0.46196490427724	0.16235342527939262	-2.845427520129302	0.004435185172755879	0.02359454480432021	ADAM28	1107.453420558647	-0.6579466881966807	0.16120710387810358	-4.081375276701117	4.4770000316537e-5	9.171782803791553e-4
ENSG00000104331	3582.9753820177702	-0.3281981787892281	0.10847906477609386	-3.0254517723456162	0.0024826199396666853	0.015236181984066172	IMPAD1	3582.9753820177702	-0.3720804552446457	0.10779722953509893	-3.451669925556814	5.571288202855409e-4	0.006488991880065412
ENSG00000104381	506.45489741167063	-0.39191887007384185	0.1793175691797953	-2.185613333185879	0.02884390631442141	0.09409882148239726	GDAP1	506.45489741167063	-0.4063528360662546	0.17614427948156852	-2.306931779233709	0.021058623570404226	0.09765027222943981
ENSG00000164751	997.4276193106499	-0.2827003596461062	0.10666741207513125	-2.650297350862755	0.008042095644175582	0.03676522260242536	PEX2	997.4276193106499	-0.38249103851461164	0.10444808300734222	-3.6620206661688974	2.502336673965409e-4	0.0034788051282494906
ENSG00000132561	996.4804811713553	-0.3735063896421652	0.1580379996776015	-2.363396084512083	0.018108304282463412	0.06688668499753422	MATN2	996.4804811713553	-0.5318990276280583	0.15666451851921495	-3.3951467291735282	6.859182970743971e-4	0.007641949312866886
ENSG00000104375	1058.715480000276	-0.3019371207701454	0.11804399622629914	-2.557835471710983	0.010532591167265787	0.044486263402603234	STK3	1058.715480000276	-0.4303759234589072	0.11625068013330206	-3.702136821611751	2.13791266461323e-4	0.0031329146710725097
ENSG00000155097	1363.8462986348932	-0.37122942786702745	0.14608181540692383	-2.5412432535352534	0.011045903931555436	0.04612588362357184	ATP6V1C1	1363.8462986348932	-0.6108360569294491	0.14520038859782083	-4.206848637446529	2.5895645824648194e-5	5.774648597636222e-4
ENSG00000177570	1205.4083084586978	-0.748159425256412	0.14268299105514162	-5.243508141536481	1.5755185361266582e-7	5.8501988041691065e-6	SAMD12	1205.4083084586978	-0.32450665133667383	0.1394040796363779	-2.3278131614449027	0.019922026903012223	0.09448488386861247
ENSG00000104537	959.5797600518542	-1.2462480351206082	0.5168938461578039	-2.4110328346608676	0.015907416267677377	0.060817390984868276	ANXA13	959.5797600518542	-1.8059309497924927	0.5168894393435663	-3.4938437745719266	4.761195464434745e-4	0.005736202018854645
ENSG00000080503	1722.8233734328858	-0.7737496819817742	0.14082135994727638	-5.494547718268498	3.9171300258895366e-8	1.684801147802044e-6	SMARCA2	1722.8233734328858	-0.3343367388784766	0.1384448849456355	-2.414944683653454	0.015737599541253942	0.08022991374226052
ENSG00000159921	2164.5962330341827	-0.4400115261859264	0.11333215772776464	-3.8824949158991466	1.0339017869968862e-4	0.001319780319032134	GNE	2164.5962330341827	-0.29771057073137486	0.11183854927010105	-2.6619673866868094	0.007768540501135772	0.048087935403797764
ENSG00000165092	469.817887997979	-0.7879809064918913	0.23996571116511115	-3.283722923020915	0.0010244558768352729	0.007803729650147496	ALDH1A1	469.817887997979	-0.6412174989089987	0.2361068346884428	-2.7157938894700946	0.006611706534313356	0.04254064405881457
ENSG00000135052	10977.747743235725	-0.43381490324193384	0.16667323879696902	-2.6027867843282277	0.009246944139872898	0.0405034464106908	GOLM1	10977.747743235725	-0.3833993001109212	0.16649747332652395	-2.302733443642256	0.021293845292815406	0.0981074469843189
ENSG00000136824	2459.4616206378128	-0.392081191169208	0.16677572234624788	-2.350948841074104	0.018725608225746836	0.0684968858415932	SMC2	2459.4616206378128	-0.38453801733987997	0.1660529577520103	-2.3157553020775663	0.02057163301151165	0.09610738683768298
ENSG00000148358	6248.9239598888325	-0.5305587444778802	0.08557395301714264	-6.2000027551794386	5.646217230999968e-10	3.673362504403509e-8	GPR107	6248.9239598888325	-0.5737261903939873	0.08502870298739362	-6.7474413961018325	1.5047498227255374e-11	2.428057551029376e-9
ENSG00000166340	3520.4714869623303	-0.5058722051436318	0.21357642082225717	-2.368577032970458	0.01785666138467714	0.06620990059395135	TPP1	3520.4714869623303	-0.7189570831325476	0.2133092552996337	-3.370491740373078	7.503415534872276e-4	0.008144863983091515
ENSG00000133812	1984.3288745714658	-1.0058940149436002	0.11493140833862095	-8.752124675788775	2.0937290342243606e-18	6.11684912564717e-16	SBF2	1984.3288745714658	-0.30232243327662905	0.11149845180429704	-2.711449606558374	0.006698972291458742	0.0428907450190098
ENSG00000151116	932.2657497428957	-0.3850761331090552	0.1531721673798836	-2.5140085153592207	0.011936755168514014	0.048883553829481875	UEVLD	932.2657497428957	-0.43293441666139215	0.15127460021942737	-2.8619108299305407	0.004210953615700156	0.0303429527722378
ENSG00000110429	931.8653088673311	-0.3629092702806162	0.13044125020704322	-2.7821664519819267	0.005399733802864207	0.02736988066240959	FBXO3	931.8653088673311	-0.49694368884833257	0.1285682642770499	-3.8652127073713602	1.109924276268e-4	0.0018863458617141711
ENSG00000149131	2696.3428278252863	-0.6303907008572204	0.27255085205781954	-2.312928747415869	0.020726556970391663	0.07367539213258598	SERPING1	2696.3428278252863	-1.0049115364585504	0.27238844747121316	-3.6892590188310113	2.2490814949432714e-4	0.0032461366179779216
ENSG00000085733	16767.699318501767	-0.2306626208326644	0.07993483600983985	-2.8856332526192987	0.0039062705986080675	0.021494205383385687	CTTN	16767.699318501767	-0.2629794012565073	0.07974221609203842	-3.2978692359512136	9.742149241259311e-4	0.009947563846185078
ENSG00000254837	240.5265000967857	-1.2401480236850444	0.35845242655818904	-3.4597283538928036	5.407205777544107e-4	0.004789769694479002	AP001372.2	240.5265000967857	-0.9851637298471776	0.3512808372042803	-2.8044903834998416	0.0050396190940459875	0.03443100371531609
ENSG00000151366	876.5393849426376	-0.8311643072596271	0.26429601093001126	-3.1448235042780475	0.0016618705725710088	0.01116268576574615	NDUFC2	876.5393849426376	-1.3278750224903586	0.26409044222510425	-5.02810708067394	4.95345257530367e-7	2.1888163825826465e-5
ENSG00000182919	361.6186994041056	-0.6255774548388179	0.24416259979986604	-2.5621346404059753	0.010403097997471876	0.04409569378397332	C11orf54	361.6186994041056	-0.8077054361646883	0.24154250971416086	-3.343947353699849	8.259540973252965e-4	0.00876683428801817
ENSG00000084234	31113.2899662221	-0.6017500172109282	0.17557474909530005	-3.427315262084213	6.095809145739363e-4	0.005209023665156087	APLP2	31113.2899662221	-0.4994965609808031	0.17550641289141886	-2.8460302546883476	0.004426798874586698	0.031409712765780425
ENSG00000107897	1342.5346917091242	-0.9411845979445612	0.16618379162622313	-5.663516211385119	1.4830215248467811e-8	7.000946734977914e-7	ACBD5	1342.5346917091242	-0.42550989304117953	0.16320949487472233	-2.6071393295334677	0.009130220042476067	0.05418144216115653
ENSG00000254635	669.6386343799975	-0.393059520434978	0.1247983820225012	-3.1495562207217493	0.0016351864277982173	0.011041965393819273	WAC-AS1	669.6386343799975	-0.33654616601498577	0.12093189568366866	-2.7829396381523432	0.005386882721611136	0.0360994039967604
ENSG00000156510	4895.042458706637	-0.46181145669140466	0.13787264167891425	-3.3495510861893676	8.094262777814088e-4	0.006516288684342533	HKDC1	4895.042458706637	-0.36634037392247387	0.13735846303542243	-2.6670389710752724	0.007652279794585294	0.04745008209414482
ENSG00000035403	27354.64095107791	-0.24021787472826034	0.09473191587632784	-2.5357649795858017	0.011220200669582493	0.04670149513467225	VCL	27354.64095107791	-0.3288123267446993	0.09464151675631302	-3.474292657326479	5.122020502387253e-4	0.0060491230620709985
ENSG00000107798	4175.184994764884	-0.6882478774587422	0.23535532234334197	-2.9242928122726273	0.003452398217329219	0.019595302211328974	LIPA	4175.184994764884	-0.9150327744887028	0.23513983416689999	-3.891440928036129	9.965065211828747e-5	0.001735357440916055
ENSG00000077147	6544.952930019817	-0.5494074869010995	0.14859843122921176	-3.6972630353926372	2.17936494474087e-4	0.002386512503844953	TM9SF3	6544.952930019817	-0.492549612928093	0.148245979431248	-3.3225158268560167	8.920961038512278e-4	0.00932102241524458
ENSG00000166275	99.94403310124744	-1.3281733742555102	0.40217396222487645	-3.302484742940318	9.583230114387224e-4	0.007411909667075971	BORCS7	99.94403310124744	-1.0007903672251872	0.384716698164112	-2.601369714392462	0.009285232659996714	0.05471695782938564
ENSG00000148735	119.8899901343345	-0.6663122270914925	0.20133769886840114	-3.309426057993288	9.34874557780033e-4	0.007290885363445681	PLEKHS1	119.8899901343345	-1.221431344665057	0.20110350629837279	-6.0736451946931576	1.2503883714648079e-9	1.2735338583408585e-7
ENSG00000111224	208.83005863134466	-0.4871834091031063	0.20779010931191472	-2.344593834212739	0.01904781689484668	0.06938047442950035	PARP11	208.83005863134466	-0.4591745418661311	0.20030386104323752	-2.292389869444473	0.021883156078488314	0.09993524017218806
ENSG00000111726	1250.0205602435635	-0.2618537592288301	0.11295097231403269	-2.318295751370864	0.0204332531659709	0.07309044799225793	CMAS	1250.0205602435635	-0.4946123658249703	0.1117424173696206	-4.426361783358381	9.583574047622013e-6	2.6066232367026463e-4
ENSG00000133704	2712.5347522277557	-0.5178465657062067	0.13028102538667732	-3.974842569508685	7.042582575055796e-5	9.76017456649593e-4	IPO8	2712.5347522277557	-0.29907902621622523	0.1291097751962088	-2.3164708153330236	0.020532576132686227	0.09605884515762948
ENSG00000111371	9272.494640255585	-0.5086759188451877	0.10335360880489462	-4.921704473865433	8.579370061841295e-7	2.4876959932125583e-5	SLC38A1	9272.494640255585	-0.3136681698927498	0.10293574255566164	-3.0472230743673547	0.002309662343986442	0.01919505840392899
ENSG00000050405	4056.9511291576728	-0.2955826033121295	0.12388434903481907	-2.385955979225856	0.01703478999062629	0.06395894476596932	LIMA1	4056.9511291576728	-0.8569789355773795	0.12388367770740948	-6.91760974033566	4.593275469240079e-12	7.997672930430992e-10
ENSG00000127324	8073.790192471326	-0.7020582547031593	0.23281167711441234	-3.015562893600658	0.002565027362681236	0.01562426580792929	TSPAN8	8073.790192471326	-0.6987858491630088	0.23263041490353012	-3.0038456039928803	0.0026659057481257815	0.021436210777622818
ENSG00000180881	72.26502159627796	-0.7376719946180919	0.27545939458364915	-2.67796999892876	0.007406985244810532	0.03458677911056884	CAPS2	72.26502159627796	-0.6310945536031533	0.2545522760818513	-2.479233591296684	0.013166504693969565	0.07042241113970091
ENSG00000075089	392.9585796782803	-0.6273271668620317	0.24672226633822164	-2.542645121466476	0.011001690446634151	0.0460157144450792	ACTR6	392.9585796782803	-0.6192662313218	0.24328685559715052	-2.545415903386164	0.010914765104440744	0.061565962947711515
ENSG00000012504	599.8447170743538	-0.6127502174054407	0.22512915940019448	-2.7217718888036293	0.006493294637525129	0.03139000130110493	NR1H4	599.8447170743538	-0.6907306860423543	0.22301402685722585	-3.0972522032641554	0.0019532361945701505	0.016847102096229388
ENSG00000111275	4225.295020333817	-0.534921929083772	0.23975857397433312	-2.2310857135021043	0.025675451901034953	0.08631322128433028	ALDH2	4225.295020333817	-0.7338077871290238	0.23955003775580475	-3.0632756062308	0.0021892832680302024	0.018353938711139366
ENSG00000135108	2433.51620750311	-0.5909996616432559	0.09637059073692654	-6.132572781011305	8.646912821755109e-10	5.442634070408785e-8	FBXO21	2433.51620750311	-0.31515555059123174	0.09442185704181306	-3.337739380106352	8.446293184421082e-4	0.008925475822036143
ENSG00000135090	1563.1753298693188	-0.6393404473204027	0.1084852483177235	-5.893339944689531	3.784666784450648e-9	2.063442975015276e-7	TAOK3	1563.1753298693188	-0.4685286591416454	0.10602075233534218	-4.419216510176193	9.90593691099583e-6	2.6740443605039686e-4
ENSG00000102699	5903.246995867995	-0.6024559067558196	0.1243635247292708	-4.84431354022264	1.2705016684551534e-6	3.469567519287407e-5	PARP4	5903.246995867995	-0.4695819701138996	0.12383380819203511	-3.792033669720437	1.4941864973574268e-4	0.0023548274212891536
ENSG00000102802	739.5619528252572	-1.0364697276650898	0.2559959241336376	-4.048774335657084	5.1486558604004485e-5	7.520923334192504e-4	MEDAG	739.5619528252572	-0.6285791263012068	0.25262817030886575	-2.488159279832885	0.012840620995866686	0.06920018400351816
ENSG00000139679	164.82702572895053	-0.5049716351910132	0.20064106576637225	-2.516791033092923	0.011842904600979925	0.04858917192410524	LPAR6	164.82702572895053	-0.7812331137853149	0.19551436194476204	-3.9957837675681023	6.448056887365945e-5	0.001237975199992812
ENSG00000275216	208.77865323643846	-0.4797625760488184	0.18400364227056937	-2.6073536921804426	0.009124505520402443	0.04009189656013378	AL161431.1	208.77865323643846	-0.5964209799471734	0.17743189406395973	-3.3614079537029493	7.754619818465259e-4	0.008354395739908446
ENSG00000151413	647.613866513895	-0.5228716629235916	0.126225593203106	-4.14235853169851	3.437524062685001e-5	5.436835810685859e-4	NUBPL	647.613866513895	-0.2935672131542381	0.12100774572841137	-2.4260200153890774	0.015265428344081476	0.07863228710522026
ENSG00000129515	1673.043721141902	-0.31244447576626105	0.12515421572856733	-2.4964758394066897	0.01254342132864235	0.05073728731784174	SNX6	1673.043721141902	-0.3349373853592997	0.12384874509400635	-2.7044067754184207	0.006842646703300473	0.04359682755372587
ENSG00000100883	2720.150914485639	-0.2441827950412452	0.09874316040079144	-2.4729084429759456	0.013401847246416214	0.053414209205536335	SRP54	2720.150914485639	-0.27288678885924045	0.09776659750340266	-2.7912067702851466	0.005251191436174148	0.03543813919872976
ENSG00000258289	1032.9651464200792	-0.32205136802345113	0.1413133181344866	-2.278988083182349	0.02266777369988125	0.07876746139339347	CHURC1	1032.9651464200792	-0.5503104263798564	0.14009737610859935	-3.928056625081058	8.563505078663518e-5	0.0015508259323415736
ENSG00000119661	346.76023819033946	-0.527923581796325	0.13768040593864478	-3.8344133153673754	1.2586434890476608e-4	0.001539402510617218	DNAL1	346.76023819033946	-0.4347730447301811	0.13000510500974718	-3.3442767089614196	8.249740916880924e-4	0.008762908972435425
ENSG00000140043	161.4094974402838	-1.0163462299421049	0.24696821844032413	-4.115291580271445	3.866902731495443e-5	5.969625675100746e-4	PTGR2	161.4094974402838	-0.6600171741353563	0.23144666906339306	-2.851703058878666	0.004348570188069088	0.03116063343330026
ENSG00000071537	4334.066329625676	-0.6678487450159224	0.1148406427898425	-5.815438931651406	6.047498854498556e-9	3.1317549251858074e-7	SEL1L	4334.066329625676	-0.43894929431672597	0.11393921136528795	-3.852486681775065	1.1692433809840316e-4	0.001961624321765383
ENSG00000054983	1362.528263499685	-0.6140059027482327	0.1562447245742364	-3.92977045734751	8.502699166337652e-5	0.0011359430016529095	GALC	1362.528263499685	-0.3978762826873889	0.15421315224429002	-2.5800411761061115	0.00987885352074273	0.057344468638393833
ENSG00000260916	206.99184687495182	-1.3625800535054453	0.312108809355304	-4.365721224979225	1.2670399188638692e-5	2.4220797658874258e-4	CCPG1	206.99184687495182	-0.7143580631518524	0.29800703724449856	-2.397118100824446	0.016524596643517523	0.08313026149576166
ENSG00000137845	11377.971852304025	-0.4969460451580895	0.16152329663557807	-3.0766214874828726	0.002093609684763793	0.013368021591291782	ADAM10	11377.971852304025	-0.421295497659468	0.1613366358677199	-2.6112822756815675	0.009020340495479532	0.053684670474754066
ENSG00000074410	1826.7371483174295	-0.268284156570362	0.09700222048913541	-2.7657527344996264	0.005679157869860311	0.02851364476553731	CA12	1826.7371483174295	-0.35083283726875814	0.09563876040171028	-3.668312259539536	2.44156879865935e-4	0.003434218366067279
ENSG00000156642	6878.39507076886	-0.31381945235451175	0.10949181936873176	-2.866145198461567	0.004155036233472761	0.022416927191321337	NPTN	6878.39507076886	-0.36923988406551167	0.1091497578604245	-3.382874055824091	7.1731519577436e-4	0.007905881447824701
ENSG00000102893	3764.087723973215	-0.31097938815235543	0.10214959417873086	-3.044352654091172	0.0023318162398742745	0.014506164185702398	PHKB	3764.087723973215	-0.26148944144968816	0.10135706178167143	-2.579883797469884	0.009883356593659725	0.057347427895574676
ENSG00000125107	15121.733471462525	-0.8007365226273769	0.132643559442214	-6.036753883826653	1.5724527066112234e-9	9.18787083364837e-8	CNOT1	15121.733471462525	-0.402110307532239	0.13236414546915698	-3.037909594830099	0.002382254116012293	0.019627969799226933
ENSG00000135720	4133.52742251598	-0.3420563486313285	0.08849892910838646	-3.8650902567691534	1.1104812726474032e-4	0.0013974788804139392	DYNC1LI2	4133.52742251598	-0.4203748205532576	0.08781285451954025	-4.787167241667507	1.6915187222839468e-6	6.058545473818703e-5
ENSG00000090863	11381.099474461384	-0.5105144523823397	0.12130848144524355	-4.208398673367094	2.571868107291406e-5	4.2976103776424564e-4	GLG1	11381.099474461384	-0.3697626543647237	0.12103635301442273	-3.0549718754386355	0.0022508162802776528	0.01878135862228254
ENSG00000086696	1757.2360983180524	-0.5736739322676128	0.22968746170701032	-2.497628420829484	0.012502717030672668	0.05066528932293525	HSD17B2	1757.2360983180524	-1.4352305290358034	0.23021181482680478	-6.234391271862264	4.5353820260100245e-10	5.2106097020423974e-8
ENSG00000121057	3680.868898974776	-0.2626182129901017	0.09863819242624781	-2.662439431728865	0.00775765295459366	0.035813803920372166	AKAP1	3680.868898974776	-0.27813436772614475	0.09789472562660267	-2.8411578452860216	0.00449500578829154	0.03179939809145557
ENSG00000153944	2779.9205680878026	-0.5010371502028933	0.13731721005587672	-3.648757136844047	2.6351206718535985e-4	0.002755530674054215	MSI2	2779.9205680878026	-0.5119642068358241	0.13652306921180318	-3.7500197570387024	1.7682063842463177e-4	0.0027030868569711307
ENSG00000108588	4518.587747754859	-0.28264060450540396	0.1215293808302286	-2.325697724900293	0.020034681953401124	0.07207644409072096	CCDC47	4518.587747754859	-0.42080716471199087	0.12113549090733074	-3.473855280232533	5.130376625662695e-4	0.006054013042000161
ENSG00000035862	15086.403825877755	-0.2653319707057722	0.09315664639097221	-2.8482344629731697	0.0043962523040944205	0.023448698131794007	TIMP2	15086.403825877755	-0.6725238113538535	0.09309741786806557	-7.223871797464146	5.052789544380416e-13	1.0366158663835308e-10
ENSG00000280351	22.66498194105771	-1.032170079218782	0.47020406920443075	-2.195153438304306	0.02815259299904949	0.09245275715742997	AC127496.7	22.66498194105771	-1.057611177076192	0.43248025893560105	-2.44545538258586	0.014466934746790817	0.07527523547053004
ENSG00000101654	2193.8738797482138	-0.7204259791396971	0.11904317594736992	-6.051804090460457	1.4323259664180172e-9	8.49127858829146e-8	RNMT	2193.8738797482138	-0.41183451103116414	0.11712605809999102	-3.516164700766923	4.378292901417805e-4	0.005381895868227484
ENSG00000154080	4536.899466328071	-0.5784465712169419	0.10368177192550515	-5.579057538026578	2.4182524565010028e-8	1.09179922384311e-6	CHST9	4536.899466328071	-0.27144329321494803	0.10269087127919528	-2.643304997159385	0.00821010424230145	0.050172471073911123
ENSG00000119541	2702.2904702125597	-0.3821771616533774	0.09943988924464403	-3.8432983439184794	1.213917495749592e-4	0.0014977130282220464	VPS4B	2702.2904702125597	-0.4409806675276273	0.098453158394001	-4.479091120295613	7.496153148193628e-6	2.1200414210694222e-4
ENSG00000101333	749.2310027621724	-0.7015095899161108	0.14962340392159768	-4.688501741904631	2.7521257342660592e-6	6.796477650618127e-5	PLCB4	749.2310027621724	-0.41997127646659593	0.14528310139021108	-2.8907097415177625	0.0038437294716175967	0.0282785855235145
ENSG00000125844	4070.850202425708	-0.569479667358983	0.15005391759111977	-3.7951669406643003	1.475441435534602e-4	0.0017600720483680876	RRBP1	4070.850202425708	-0.3801704118431211	0.14938372579694867	-2.5449252240493156	0.01093011414450842	0.0616041480491701
ENSG00000154930	535.324071729871	-0.5712087918015343	0.23197869855837183	-2.462332944150919	0.013803646097181209	0.05456856028589747	ACSS1	535.324071729871	-0.840156265803939	0.23055378801763524	-3.6440792104429653	2.683507731607851e-4	0.0036666456187803547
ENSG00000064787	544.8049424058702	-0.8833065271568187	0.2338439131321566	-3.777333843441198	1.5851618922382241e-4	0.0018679335418125313	BCAS1	544.8049424058702	-0.6670264163751451	0.229968025003469	-2.90051808883032	0.003725463351096371	0.027649291568524543
ENSG00000167460	10470.421004587017	-0.22380188108786034	0.09847025762236149	-2.2727865905068727	0.023039043512547347	0.07964647237068166	TPM4	10470.421004587017	-0.27988280392533316	0.09823065315440759	-2.8492409949202795	0.004382367130695213	0.031233337153307172
ENSG00000007306	77.67557758701216	-1.0434526667259378	0.43443471305823517	-2.401863008092691	0.016311815781840187	0.0618746093988274	CEACAM7	77.67557758701216	-1.8255615106774035	0.4401592308609087	-4.147502500644556	3.361217998790134e-5	7.135166550107571e-4
ENSG00000099940	2284.147301210745	-0.20868072753798464	0.08036542528625061	-2.596648083360382	0.009413831776463478	0.04101400428440081	SNAP29	2284.147301210745	-0.3185671134334961	0.07914964866277505	-4.024870846752371	5.7006593357366946e-5	0.001116878154440855
ENSG00000280623	22.11270847318605	-3.245847407273631	1.0128436973183486	-3.204687372659262	0.001352092524194757	0.009603578277353954	PCAT14	22.11270847318605	-2.960857769078633	0.9155917752504873	-3.2338186614537934	0.0012214698520087053	0.01183638903150946
ENSG00000100028	3962.067291824593	-0.20355072135208507	0.07600693583184227	-2.678054563368015	0.007405115414659027	0.03458677911056884	SNRPD3	3962.067291824593	-0.5206240919637259	0.07558956931018689	-6.887512347468339	5.677644663903648e-12	9.592547649214152e-10
ENSG00000100079	69.8331560753832	-1.0018595877449683	0.440470045141297	-2.274523770222751	0.022934513581040365	0.07939146172341359	LGALS2	69.8331560753832	-1.165168918122796	0.4309063205530624	-2.703995886222596	0.006851113733780975	0.04363141655469117
ENSG00000184208	2184.3328072026316	-0.39366239690541627	0.11916932518141105	-3.3033869773630538	9.552446707518468e-4	0.007399203842882239	C22orf46	2184.3328072026316	-0.3431693312800359	0.11795073132734325	-2.90942944921345	0.003620891003728755	0.02701278737898631
ENSG00000142166	2031.8644077244305	-0.3818358471372735	0.12235352940905087	-3.120758747062575	0.0018038574860144891	0.011890561648977586	IFNAR1	2031.8644077244305	-0.5319677697042782	0.12146420232361368	-4.379625927044507	1.1888320677086138e-5	3.081735979126968e-4
ENSG00000159212	139.83730924968614	-0.7784605231153099	0.23142951606183151	-3.363704579960868	7.690381482728918e-4	0.006264946539026141	CLIC6	139.83730924968614	-0.6743458010856955	0.21845622003159845	-3.086869309503548	0.002022765070027554	0.017291029268253395
