Geneid	baseMeanDTT	log2FoldChangeDTT	lfcSEDTT	statDTT	pvalueDTT	padjDTT	gene_name	baseMeanCov2	log2FoldChangeCov2	lfcSECov2	statCov2	pvalueCov2	padjCov2
ENSG00000237973	354.40381006352027	0.5156487029313851	0.21601120380464253	2.3871386939620525	0.016980084038084965	0.0638619434650735	MTCO1P12	354.40381006352027	1.1295145571395098	0.21080854106138108	5.358011356905265	8.414295247887863e-8	4.833507762196704e-6
ENSG00000248527	5267.80535510907	0.6292924046456917	0.23864333095269988	2.6369578489097614	0.008365322555785462	0.037840681990587814	MTATP6P1	5267.80535510907	0.9367065890139079	0.238413645140866	3.92891350014995	8.533052399924449e-5	0.0015486515409637936
ENSG00000130762	2929.182129530657	0.2983030379245623	0.1255308448839587	2.3763325914066384	0.017485693901544856	0.06520917253649339	ARHGEF16	2929.182129530657	0.3247791023633887	0.12490942664101738	2.600116829427017	0.009319202748398717	0.054804697243961496
ENSG00000040487	616.8200420578285	0.441043404964413	0.12645347700254334	3.4877918379068564	4.8702709250863575e-4	0.004449193732978411	SLC66A1	616.8200420578285	0.31766492849845956	0.12431700365070619	2.5552814109886652	0.01061019791911055	0.06031307752802949
ENSG00000175707	1342.5490460562082	0.35756692182152783	0.13695233436074075	2.610885922394538	0.009030801291444405	0.039827094046347246	KDF1	1342.5490460562082	0.44851298518983956	0.13561447176642297	3.3072649205340023	9.421174862408603e-4	0.00971385829027633
ENSG00000160051	367.86057006178044	0.656664468294801	0.15444134875453686	4.251869551712335	2.1199333708246537e-5	3.6594256760143744e-4	IQCC	367.86057006178044	0.421606662138867	0.15238419374598916	2.766734867801628	0.00566207829024161	0.03750399870276765
ENSG00000116514	936.9651051867089	0.32826195380364936	0.12565085551446512	2.6124927877300395	0.008988458881054972	0.03970821606683457	RNF19B	936.9651051867089	0.4161119484162654	0.12353935011733157	3.3682543094249957	7.564578520577344e-4	0.008192678139819852
ENSG00000163874	946.8118099152458	0.4800944878759129	0.13536116740951362	3.546766750492507	3.8998970772994185e-4	0.003736482836576493	ZC3H12A	946.8118099152458	1.8396816808063088	0.13025606845723772	14.123577523839245	2.7183345924362155e-45	2.7884287915697492e-42
ENSG00000183386	746.0798464962509	0.5397439099768763	0.18969799302162663	2.845280023154185	0.00443723960037596	0.02359454480432021	FHL3	746.0798464962509	0.7156986882156452	0.1878778934248727	3.8093821213821184	1.393145067599387e-4	0.0022379145767108277
ENSG00000173846	484.4774106840026	0.5812529160457739	0.14455347724895307	4.021023410213286	5.794584540434089e-5	8.254217757505192e-4	PLK3	484.4774106840026	1.2966656120441311	0.1384754269265509	9.363867949884702	7.686988148447475e-21	3.679761226661806e-18
ENSG00000198841	187.00910615462206	0.47770600086217196	0.1601593377859242	2.9826921581100327	0.0028572522333391846	0.016883556710276595	KTI12	187.00910615462206	0.6553126338793587	0.15113929058754766	4.335819172710539	1.4521829020318313e-5	3.6018650528634073e-4
ENSG00000116212	1398.808114373714	0.375299035024587	0.12349936873195724	3.03887411634577	0.002374640573492457	0.014725244148961635	LRRC42	1398.808114373714	0.4237722719804003	0.12216698804379779	3.468795283947532	5.227976572602709e-4	0.006148973919668101
ENSG00000177606	3987.753568256408	1.4683304090179214	0.5889796717752539	2.493006939598104	0.012666637059789992	0.051115509052329484	JUN	3987.753568256408	1.7297312548811226	0.5888865727961322	2.9372910417503126	0.003310932154706689	0.02519782547628127
ENSG00000162650	237.09417340362876	0.5605197080275062	0.16608000166156264	3.374998208211315	7.381617145679119e-4	0.006069939452134651	ATXN7L2	237.09417340362876	0.46089541884241736	0.16180838002873124	2.8484026523260364	0.004393929349754571	0.03128967736136858
ENSG00000197622	4988.818418117715	0.6395013888713489	0.16258975604584763	3.9332206679184636	8.381522701833036e-5	0.001122660013107117	CDC42SE1	4988.818418117715	0.4815386675508651	0.16241398354664924	2.964884285425802	0.0030279680036085516	0.02359449186099968
ENSG00000163462	47.08457261502444	0.930124990116179	0.3062230637299106	3.037409980773203	0.002386206647093953	0.014779209489441109	TRIM46	47.08457261502444	0.9894364407318471	0.29254444420417436	3.3821747783434017	7.19143741152714e-4	0.007913887560685152
ENSG00000160753	2956.4432113672965	0.24791860130701684	0.11456898798535248	2.1639241619094425	0.03047017023677242	0.09820984928105415	RUSC1	2956.4432113672965	0.35852118430842034	0.11379289369499382	3.150646518133083	0.0016290952250188726	0.01463129238680177
ENSG00000158773	1301.9779034032122	0.30780332889432344	0.1185587329609949	2.5962096693087036	0.009425852727242258	0.041043279985550934	USF1	1301.9779034032122	0.3199053826699184	0.11711162840889756	2.7316278239506877	0.006302228861762238	0.04091289094263296
ENSG00000162783	825.9107486623923	0.8252238717373568	0.16028681038718606	5.148420320698629	2.6268932910477647e-7	9.099511346439282e-6	IER5	825.9107486623923	0.6909255757063444	0.15921692605848262	4.339523396228349	1.4279206465213558e-5	3.572538049598117e-4
ENSG00000143333	94.59557488788771	1.090988342469837	0.4180518926798499	2.609695976918663	0.00906227216080915	0.03990905066495133	RGS16	94.59557488788771	1.5161217145907209	0.4108119381824737	3.6905493090059442	2.237703051265996e-4	0.003232963130707341
ENSG00000163545	894.9430420963197	1.6411225871894408	0.2762414340652828	5.9408994626114	2.834624270116835e-9	1.5788245395139954e-7	NUAK2	894.9430420963197	3.243866147158131	0.27383256929180844	11.846166274331377	2.252625338714646e-32	1.6174976244640513e-29
ENSG00000276600	22.1707972618354	1.279719987206879	0.4109807508577598	3.1138197702349064	0.0018468226473978596	0.012116452978095384	RAB7B	22.1707972618354	1.1832598533699232	0.3960564180306828	2.987604289443064	0.002811733459683822	0.02228438422434844
ENSG00000154370	2463.6494846326564	0.5131227130442777	0.10269675990233422	4.996483954627811	5.838503077849889e-7	1.8263309425742967e-5	TRIM11	2463.6494846326564	0.6653057372840692	0.10169955351902894	6.54187471097977	6.075239088219433e-11	8.389087360184546e-9
ENSG00000188295	237.7118573717344	0.6077682353857158	0.15458809331109322	3.9315332919117028	8.440580472915398e-5	0.001129593327939689	ZNF669	237.7118573717344	0.5025378593437745	0.15012871212013773	3.347380073051102	8.157927722902747e-4	0.00870186103626172
ENSG00000162714	1920.3857838007148	0.2661459219531359	0.11054079811614681	2.4076714343376873	0.016054622564760583	0.06116874404349234	ZNF496	1920.3857838007148	0.5382411471481182	0.10904626204580331	4.935897270114933	7.978309737684591e-7	3.2184411837890006e-5
ENSG00000115507	323.1968381003351	0.5369997743040237	0.2285441937939391	2.3496539789070097	0.01879087023886141	0.06867071861659903	OTX1	323.1968381003351	0.6543980042991092	0.22529969963283927	2.904566696562632	0.003677618386526583	0.027364910698916195
ENSG00000115289	325.74962253339714	0.3661089488237703	0.15598954136302676	2.3470095855448605	0.01892476790844305	0.06904597226539401	PCGF1	325.74962253339714	0.41513805569627904	0.15140235402693455	2.7419524509006363	0.006107518207709523	0.03990448998221859
ENSG00000247626	748.4516244595347	0.4933027977712641	0.2182279457024573	2.2604932479356123	0.023790655021691937	0.08146273824765103	MARS2	748.4516244595347	0.7325162592665041	0.2165043084849008	3.383379593656403	7.159959527846069e-4	0.007897402364009017
ENSG00000114942	3467.117253834275	0.45248486726982645	0.10980953933885616	4.120633507745847	3.778320448879923e-5	5.86795524879205e-4	EEF1B2	3467.117253834275	0.3376360442822097	0.1093688829541871	3.0871307739664866	0.0020209866552019793	0.017286116352207042
ENSG00000115568	1555.993034562523	0.2266895138903805	0.09767103044000633	2.320949342595733	0.020289578032533263	0.07270627777267878	ZNF142	1555.993034562523	0.7453718882115692	0.09498932976450143	7.846901226269342	4.264428498328458e-15	1.2498256666223465e-12
ENSG00000163481	827.6180275297345	0.5101963110810974	0.12350379077734729	4.131017419545281	3.6116120980874676e-5	5.660141875180805e-4	RNF25	827.6180275297345	0.3412966179650878	0.1220719744916379	2.7958638285847264	0.0051761204368941235	0.03514294456569262
ENSG00000135912	2345.828634454633	0.3185051045083923	0.09849027907269342	3.233873510230497	0.0012212353032346513	0.008925685095655691	TTLL4	2345.828634454633	0.6289138130123944	0.0970877037822991	6.477790580181145	9.30754104609534e-11	1.2151417905725018e-8
ENSG00000196639	630.0593498404062	0.36173066730631587	0.11865702476945743	3.048539840006389	0.002299564193438748	0.014385142444056875	HRH1	630.0593498404062	0.3622167008025839	0.11576451161105404	3.1289096784648534	0.001754562322988428	0.015477438280366594
ENSG00000154764	808.8352704887867	0.6154807956748406	0.26281417232797377	2.3418858664393616	0.01918658125652304	0.06975464291523897	WNT7A	808.8352704887867	0.9970625692654085	0.26134090685666794	3.815179878488162	1.3608376807318996e-4	0.0022007871546160826
ENSG00000168028	6308.863834228189	0.4171718141445627	0.1485615679419125	2.8080735813698245	0.004983883778165304	0.025809517197696176	RPSA	6308.863834228189	0.36500610932687405	0.14835726254140288	2.460318443965692	0.013881378625768685	0.07299707059580055
ENSG00000164053	480.6659066494574	0.37489561621665135	0.12015343459198394	3.1201406559015052	0.001807647014393504	0.011910470796114476	ATRIP	480.6659066494574	0.29388753004521617	0.1169197611077405	2.513583052692021	0.01195116342300781	0.06591039090545897
ENSG00000176095	2838.069819229563	0.30808071744776294	0.0969988788846742	3.176126579916993	0.0014925580960583322	0.010372876821978105	IP6K1	2838.069819229563	0.34388492383700553	0.0961585425928925	3.5762285342958555	3.4858694208315943e-4	0.004526272219942362
ENSG00000068001	1972.2559274737991	0.29918017315252154	0.09093931794595819	3.289888025444759	0.0010022725915814054	0.0076675834031850205	HYAL2	1972.2559274737991	0.29698604609302615	0.08971701476636004	3.310253321139068	9.321157120361249e-4	0.009651202899379884
ENSG00000179348	867.7329163243744	0.4897197420523809	0.19374815201381773	2.5276098737574286	0.011484188370892597	0.04748228911479332	GATA2	867.7329163243744	0.6728555924979993	0.19217776349852106	3.501214605940491	4.631427270827793e-4	0.005614635818965366
ENSG00000175182	1443.361611718608	0.3226011158848921	0.14072897840272813	2.2923574060325747	0.021885027753704645	0.07671898794167144	FAM131A	1443.361611718608	0.5847093503207635	0.13921731427847078	4.199975795763399	2.6694351520765525e-5	5.906896489826097e-4
ENSG00000114315	4604.2285908164995	0.35511573622195886	0.13762921607426698	2.580235115415702	0.009873306852096747	0.04239553058731726	HES1	4604.2285908164995	0.7809780947467985	0.13706810734882355	5.697737495997472	1.2140779133446127e-8	9.253649701274688e-7
ENSG00000173950	2173.3479386651675	0.2665495786776882	0.09150959877672288	2.91280458269794	0.0035819868428511536	0.020124631449458367	XXYLT1	2173.3479386651675	0.2081008498989447	0.09049689432046656	2.2995358179035446	0.021474531892951256	0.09871303453011276
ENSG00000175920	373.8733394422533	0.49709963249375816	0.19462661127827038	2.5541195483438917	0.01064566983963477	0.044859768863457654	DOK7	373.8733394422533	0.7298579787037891	0.1907668885696473	3.8259154100389097	1.3028702620594159e-4	0.002128614315521646
ENSG00000251669	198.0000037721855	0.47612810156041646	0.17669449616956143	2.6946402512928835	0.007046466437578183	0.03339761515556696	FAM86EP	198.0000037721855	0.7751303598672911	0.16787365685227013	4.617343628544475	3.886833606973977e-6	1.2134525528207236e-4
ENSG00000125089	344.3061529216841	0.5799157668576435	0.18523799557063467	3.1306523538606896	0.0017441850103009765	0.01158102945947698	SH3TC1	344.3061529216841	1.1644904001662237	0.17922960349595077	6.4971989975558495	8.182919341592702e-11	1.078118391418466e-8
ENSG00000151014	583.9920762309521	1.5831934777276595	0.3387480563891329	4.673660698170868	2.9587799602915806e-6	7.226143360434516e-5	NOCT	583.9920762309521	1.7696742122860674	0.33776603828628404	5.239349169812405	1.6114388888480272e-7	8.177340594610076e-6
ENSG00000113369	563.027418021645	0.8438925104237193	0.30121123208681605	2.8016634857112166	0.005083987426484046	0.026161668764266854	ARRDC3	563.027418021645	3.004820962557075	0.2957060310718844	10.161513959201665	2.9446790296461023e-24	1.7620223143644866e-21
ENSG00000270225	30.405562911925852	0.8235588672408741	0.37271612409757743	2.209614272081413	0.027131943947592867	0.09007526159616808	MTCO2P22	30.405562911925852	1.1977663773807186	0.3460995007026465	3.460757310972797	5.386581786348631e-4	0.006299405621641098
ENSG00000125347	1072.921772720918	0.5468473719148937	0.21219285962271422	2.5771242863082486	0.009962612165725712	0.04266420986315316	IRF1	1072.921772720918	0.5182413946561535	0.2113555066061578	2.451989082176365	0.014206897243694174	0.0744074585400044
ENSG00000120709	3050.0117301281834	0.2825740415172187	0.11197777887509766	2.523483179929901	0.01161986192642789	0.047889790276499714	FAM53C	3050.0117301281834	0.376576959939328	0.11123500156887318	3.3854178507487456	7.1069978522652e-4	0.007845011234156842
ENSG00000120738	9284.804011004473	2.1329097859384043	0.7320559599745807	2.91358844481297	0.003573006078404816	0.020099718077386607	EGR1	9284.804011004473	1.862514419461428	0.7320450458541711	2.544262036891723	0.010950889918893508	0.061672835343227324
ENSG00000113716	2927.71706546726	0.35080595297783573	0.08941138866384143	3.9235041332011433	8.7270267476982e-5	0.001156928785628073	HMGXB3	2927.71706546726	0.438004076407072	0.08847376594956206	4.950666129175211	7.395989143020683e-7	3.0346800023691436e-5
ENSG00000120129	1309.4832400828654	2.888510460003971	0.6782910657200696	4.258511730414061	2.0579242248281822e-5	3.572298060228652e-4	DUSP1	1309.4832400828654	2.083965331505876	0.6783528573795943	3.0720963416532436	0.0021256110822640358	0.018009380974863612
ENSG00000087206	1342.2136345236174	0.23469264987115293	0.10570957312552294	2.2201645785899764	0.02640759780931765	0.08835247287801955	UIMC1	1342.2136345236174	0.33275822237254554	0.1038688133333924	3.2036393956333793	0.0013570232910171411	0.012838083980432914
ENSG00000145916	1986.6250796929235	0.23383923846436946	0.08358187310727942	2.7977267052179	0.005146363719529212	0.026368727939507054	RMND5B	1986.6250796929235	0.2490463935513133	0.08218769563052343	3.030215066144533	0.002443796528545978	0.020020172245549795
ENSG00000161011	36671.641870469124	0.280243075186703	0.08165523483832303	3.432028280141291	5.990850834987507e-4	0.005139187497448562	SQSTM1	36671.641870469124	0.2198768827148255	0.08158890037268286	2.6949362193934343	0.007040210578146407	0.044415125463528396
ENSG00000204610	1107.2738067101334	0.5121276535782006	0.11050607376300359	4.634384664471322	3.580007618980046e-6	8.437266053620552e-5	TRIM15	1107.2738067101334	0.3279417796033328	0.1093549678142245	2.998874090114042	0.0027097926584237144	0.02163164667460976
ENSG00000234127	5321.338150428562	0.42724151851576236	0.07659691979951634	5.577789807136084	2.435937418516193e-8	1.0964550868693234e-6	TRIM26	5321.338150428562	0.2965673291145658	0.07619481232741733	3.8922246811263737	9.932919085986753e-5	0.001735357440916055
ENSG00000226577	45.19968847788697	0.6537031222361025	0.29834587841394716	2.1910915133511795	0.028445170746934385	0.09327510034848199	MICC	45.19968847788697	0.6539158405000781	0.2837305285289511	2.304707371076406	0.0211829677973408	0.09794697730697176
ENSG00000204576	888.657399034553	0.8860135449214448	0.1467462499857202	6.037725291158461	1.5630185615777066e-9	9.167340684647427e-8	PRR3	888.657399034553	0.5543381338125628	0.14615473374441385	3.792816829196612	1.4894802737973182e-4	0.0023505962870333285
ENSG00000204516	2739.5293802530036	0.507263925178599	0.1293950415772054	3.9202732886478704	8.844860931167646e-5	0.0011697681642412728	MICB	2739.5293802530036	0.34790033146535293	0.12897428172443479	2.6974395733303904	0.006987496509103018	0.04418645414673203
ENSG00000232810	43.800462917877525	3.6991098871481505	0.5600663101593443	6.604771292341648	3.98131499134433e-11	3.5226675043414635e-9	TNF	43.800462917877525	4.485671496158957	0.5487755449264449	8.173963904969916	2.984191306741848e-16	9.966504966539461e-14
ENSG00000204435	3052.1352515783483	0.3572726141877503	0.15557639140842086	2.2964449229949953	0.021650454897018608	0.07598269347811336	CSNK2B	3052.1352515783483	0.42314828165774604	0.15507774385882772	2.728620310874213	0.00635998855384789	0.04121651426976965
ENSG00000213588	1389.377614453309	0.2956983963848389	0.10295404943784588	2.872139541857984	0.004077028962419845	0.022125186195320574	ZBTB9	1389.377614453309	0.34260236959031515	0.10129571435800111	3.3822000443126723	7.190775976618479e-4	0.007913887560685152
ENSG00000112039	510.9726312204755	0.5451295366024345	0.14701424921608175	3.7080047649068515	2.088987264824178e-4	0.002313725236662201	FANCE	510.9726312204755	0.602580205069765	0.14407884626443135	4.182294769100491	2.8858148069929087e-5	6.298356602313854e-4
ENSG00000112559	665.2895406007602	0.5772164528420323	0.19627390799426725	2.9408720636412435	0.00327289680339425	0.01877988827252515	MDFI	665.2895406007602	0.5140206689907775	0.1949134058406988	2.6371745277022276	0.008359980739859886	0.050740976521828816
ENSG00000146232	2143.4938742455442	0.853546127840227	0.1667277414454433	5.119400769424592	3.065079912299236e-7	1.037446008051804e-5	NFKBIE	2143.4938742455442	0.6742549971444359	0.16637476379676633	4.052627825023189	5.0645536296780965e-5	0.0010158108194945133
ENSG00000112306	21209.360890451728	0.4512309897159146	0.15525971409402478	2.9062979559697664	0.0036573300639279613	0.02044407895662836	RPS12	21209.360890451728	0.6158153764683232	0.15518054705455364	3.9683799816212377	7.236288585332613e-5	0.0013619965972996285
ENSG00000146576	1426.5083331745182	0.2609267591654224	0.0986776429722541	2.6442338031806156	0.008187607951211411	0.03719980091448283	C7orf26	1426.5083331745182	0.3672304940967459	0.09681903669260147	3.792957528204866	1.4886362544897202e-4	0.0023505962870333285
ENSG00000205763	113.77252741400437	0.5528732110047802	0.19792384815916592	2.7933632866726192	0.005216307322170549	0.026647740869841233	RP9P	113.77252741400437	0.48967310273077574	0.18982845182941566	2.5795558990851783	0.009892744620927778	0.057366076798458794
ENSG00000164610	454.94036099488244	0.47952275111656906	0.13646262795251224	3.513949264434792	4.414971297529961e-4	0.004118157564515296	RP9	454.94036099488244	0.5886354436975354	0.13253561972549288	4.441337694098494	8.940136628911053e-6	2.464286029324215e-4
ENSG00000232956	1100.614713112369	0.9234734594061923	0.1399110325605313	6.6004334504976185	4.09957385500121e-11	3.6066932710703833e-9	SNHG15	1100.614713112369	0.584176681692336	0.13943209114389438	4.18968601058607	2.7934071663762314e-5	6.152779189621022e-4
ENSG00000106089	286.1697637635428	0.9217950832900009	0.133709699768352	6.894003089431679	5.4243845095299625e-12	5.282463506010185e-10	STX1A	286.1697637635428	0.7588639898858158	0.13031274761390174	5.823405643584637	5.766037439780921e-9	4.842459863900223e-7
ENSG00000091073	574.6267018118309	0.7813991980263064	0.12167836755020375	6.421841562789753	1.3463551465888014e-10	1.0432384072020662e-8	DTX2	574.6267018118309	0.5191141005955404	0.12020285480129413	4.318650346979542	1.5698626278464887e-5	3.827639592275624e-4
ENSG00000160908	454.6652407407866	0.699589116658716	0.11462397356941433	6.103340294995591	1.0387435620670894e-9	6.40793040440112e-8	ZNF394	454.6652407407866	0.4918442314248506	0.11222989402648743	4.3824707818825015	1.1734090669929228e-5	3.0568087623238853e-4
ENSG00000160993	533.3286131012525	0.378415364134179	0.1523874532290196	2.4832448873954687	0.013019155136224425	0.052225025422098184	ALKBH4	533.3286131012525	0.3454029572562955	0.14989777580260033	2.3042567203342297	0.021208236903931837	0.09794697730697176
ENSG00000106459	744.3216117425598	0.3258619939265398	0.12639164103439093	2.578192602451244	0.009931862276938118	0.042575194307574796	NRF1	744.3216117425598	0.500735115395136	0.12342342176202423	4.05705098956514	4.969623533573781e-5	0.0010023702747984982
ENSG00000080802	1019.3494105748379	0.38535742010823737	0.1155310992962022	3.335529761733212	8.513704019955672e-4	0.006777884371425393	CNOT4	1019.3494105748379	0.48295416189454987	0.11343561465526228	4.257517917651144	2.0670909787903275e-5	4.7345284763010995e-4
ENSG00000197024	819.1844078920095	0.41736655712516635	0.1728031275345075	2.415272009714184	0.01572346260015359	0.06025404184928338	ZNF398	819.1844078920095	1.0230016212590758	0.16992742785533754	6.020226600087048	1.7417306447855284e-9	1.7370134576225676e-7
ENSG00000170265	1932.187615060258	0.45720813302182356	0.16511616756999423	2.7690088726654154	0.005622710398614771	0.02828526569595553	ZNF282	1932.187615060258	0.38367110507146834	0.16454690866651792	2.331682242958709	0.019717413644389514	0.0939750426916409
ENSG00000012211	698.9339166918882	0.5952897126540805	0.1423170273166026	4.182842516305387	2.8788682045031577e-5	4.6922521345817787e-4	PRICKLE3	698.9339166918882	0.380587778671808	0.1410478376589853	2.6982886443956984	0.0069696979705790195	0.04415166852910688
ENSG00000102178	3988.648498005136	0.354855313011214	0.1068822145739332	3.3200595106097035	8.999826108597069e-4	0.007088164164064955	UBL4A	3988.648498005136	0.2548871879955779	0.1064615589210922	2.394171103435529	0.016657975807486503	0.08355752377621853
ENSG00000186523	64.91626699979076	0.7679443063521676	0.28584510666095847	2.686574961253502	0.007218874800419734	0.03390265617521964	FAM86B1	64.91626699979076	0.7973891883606495	0.2751490021294418	2.8980268225196895	0.0037551847293991743	0.027812381587881144
ENSG00000104689	1167.1489328828989	0.4219032642246352	0.14530486709701637	2.9035728303783594	0.0036893115100020087	0.02057086763445124	TNFRSF10A	1167.1489328828989	0.3452764677261587	0.144224018602145	2.3940288938878833	0.016664435959874806	0.08356074190634152
ENSG00000104221	1276.6293720333565	0.8097361543364228	0.1345886193573253	6.016379083186954	1.783616142085559e-9	1.0228708275575109e-7	BRF2	1276.6293720333565	0.5240135701578335	0.13404068741241104	3.9093620024908513	9.254020104935833e-5	0.0016550060115440037
ENSG00000164949	199.32031197612056	0.8068846112849577	0.20580829361871927	3.9205641186637172	8.834192634271026e-5	0.0011697681642412728	GEM	199.32031197612056	1.1463498710638795	0.19880434306793096	5.766221468673723	8.106851377572156e-9	6.577541956684392e-7
ENSG00000175895	490.3307242081267	0.36328275078308214	0.1469809207338058	2.4716320252273847	0.013449787798192114	0.053552847652120636	PLEKHF2	490.3307242081267	0.4431762340192988	0.14360218683227255	3.0861384759894284	0.0020277436334502877	0.01732327562164163
ENSG00000173334	3603.002540098828	0.9904836240193278	0.12860613184051806	7.701682725731982	1.342859736566692e-14	1.943256089812959e-12	TRIB1	3603.002540098828	0.6805732228444205	0.1284308812566403	5.299140021350843	1.1634938421476271e-7	6.234677263836594e-6
ENSG00000136997	9484.134745426107	0.6320492889576497	0.21319586051994321	2.964641468254611	0.0030303587556706458	0.01761339150630791	MYC	9484.134745426107	0.750125499785431	0.21308172230018227	3.520365293127675	4.3095283312446635e-4	0.005316936113832011
ENSG00000249859	663.4474993794469	1.0575659085016162	0.18148738908130035	5.827214297671458	5.63602214031577e-9	2.9683049938996386e-7	PVT1	663.4474993794469	0.9049539892438311	0.18043828629579878	5.015310263811243	5.294795288769308e-7	2.3112022839518554e-5
ENSG00000014164	2651.238708859292	0.4024067246321698	0.12562911315256925	3.2031327336002944	0.0013594130960510168	0.009634236533560707	ZC3H3	2651.238708859292	0.319555893424649	0.12508218863963927	2.5547673645628866	0.0106258788829292	0.06031307752802949
ENSG00000182325	1063.9671911805813	0.46443491130663217	0.10592847696551912	4.384419795423009	1.1629531915486051e-5	2.2508959022423254e-4	FBXL6	1063.9671911805813	0.2822034780271807	0.10464976939343641	2.696646917263827	0.007004149287844549	0.044238554010640745
ENSG00000196378	282.74877155608687	0.5016771724570719	0.1758985366409415	2.852082695157018	0.004343379969388305	0.02322965305522887	ZNF34	282.74877155608687	1.0318323197608397	0.1683023429634523	6.130825641476109	8.742417623164287e-10	9.247037700034712e-8
ENSG00000170631	700.6893917760889	0.3558035881342704	0.12038090375540168	2.955648088979436	0.003120128697986814	0.018033621784108934	ZNF16	700.6893917760889	0.6019485091168069	0.11681217824644814	5.153131447021107	2.561722666797081e-7	1.2222225653778367e-5
ENSG00000119431	1353.5410811650588	0.6860968009484454	0.10815124165012864	6.3438643004024104	2.2407221642195837e-10	1.6379923883811257e-8	HDHD3	1353.5410811650588	0.36713008314744217	0.10755676566605131	3.4133611295762614	6.416685170487885e-4	0.007233125253797214
ENSG00000196152	302.40411741044437	0.6240418510894795	0.15324245374953202	4.0722517541349745	4.656081358659152e-5	6.91224964117721e-4	ZNF79	302.40411741044437	1.04766621997148	0.14608798103989057	7.171474425985843	7.419429876732905e-13	1.4398707089156927e-10
ENSG00000136807	1761.5806678311667	0.4469874687632882	0.10928086041596119	4.090263080487265	4.308841603134578e-5	6.490087877717491e-4	CDK9	1761.5806678311667	0.45492023178253366	0.10818705247517331	4.204941546835546	2.6114964061611613e-5	5.799723953234679e-4
ENSG00000148331	1205.3998118836982	0.3649774031718187	0.11757283764027235	3.10426634669233	0.0019075152661484828	0.012389247643054994	ASB6	1205.3998118836982	0.3121233075182064	0.11618971716262545	2.6863247035995585	0.007224284498672218	0.04534438360377261
ENSG00000215182	26406.21500752036	1.069487453669742	0.12033743786486006	8.887404224700092	6.255310078040982e-19	2.1055917662692734e-16	MUC5AC	26406.21500752036	0.5777216097246785	0.1203302769992884	4.801132550605654	1.5777079073635054e-6	5.8016021930089785e-5
ENSG00000184545	829.9917473294809	0.8812459786031107	0.32085657376810167	2.746541759309657	0.00602272182289168	0.029715648287667817	DUSP8	829.9917473294809	2.2699457377020558	0.3186190031776432	7.124326280176288	1.0459101287187978e-12	1.9763572840171917e-10
ENSG00000051009	1402.392845348698	0.24575911744616036	0.0991332674422616	2.479078151936214	0.013172244109753716	0.05274347757833632	FAM160A2	1402.392845348698	0.43400820287011543	0.0970324618250794	4.472814506680279	7.719673899568202e-6	2.1695153986633846e-4
ENSG00000132275	807.4629072630169	0.47279102278841256	0.11708275226620102	4.038092832951758	5.388752866016407e-5	7.790798261194962e-4	RRP8	807.4629072630169	0.3331437251126293	0.11540292989179117	2.8867874102070474	0.003891971020824374	0.028516630525540224
ENSG00000121671	687.5226505034242	0.4722087630567409	0.1946196423299825	2.4263160563007258	0.0152529803355112	0.05900003685112551	CRY2	687.5226505034242	0.556524523000077	0.19287284661649529	2.8854477587851433	0.003908573243223718	0.02860908274512529
ENSG00000175213	913.1042170769585	0.7135833762966852	0.12085551220588872	5.904433842297808	3.538598348500819e-9	1.9361009479924623e-7	ZNF408	913.1042170769585	0.802372018126832	0.11888437652097214	6.749179678671127	1.4868337125116156e-11	2.4264112437931035e-9
ENSG00000185085	2499.4763890664	0.4162273723047083	0.13749576815264242	3.0272013306084373	0.002468294999243835	0.01517232225815464	INTS5	2499.4763890664	0.8068574300735347	0.13651360290852171	5.910454437380961	3.4116521131679235e-9	3.181476363454841e-7
ENSG00000168005	1347.701872126418	0.28398369776877286	0.130863860329086	2.1700696972764923	0.03000156637950637	0.09692139658257388	SPINDOC	1347.701872126418	0.46886823555138973	0.12924523488321082	3.6277409838364303	2.8591187389181755e-4	0.0038481540964952128
ENSG00000142186	3782.7370112219446	0.30707462755369913	0.1114741232703202	2.7546718336510767	0.005875103033674542	0.029203882944917048	SCYL1	3782.7370112219446	0.36842005169458436	0.11090522138056595	3.3219360378928293	8.939518380195391e-4	0.009329972635028053
ENSG00000254470	2198.157129520379	0.3298503352122542	0.12207614799644152	2.702004778377093	0.006892277185150118	0.03287739369527554	AP5B1	2198.157129520379	0.6636450609400206	0.12084728420046743	5.4916009518189375	3.983065432289822e-8	2.6000364851415517e-6
ENSG00000172818	1075.8828185955238	0.6829809803557678	0.14922463197351984	4.576864900407085	4.719960574751036e-6	1.059186515064421e-4	OVOL1	1075.8828185955238	0.8273905743914868	0.14775452291338506	5.59976478606012	2.1464284450500826e-8	1.5259831138299128e-6
ENSG00000175505	334.99227149486063	0.538100911188038	0.2094238995710179	2.569434110864516	0.01018647610644141	0.04338114441226985	CLCF1	334.99227149486063	1.148366486640925	0.20378889986106613	5.635078688897327	1.7497842147973865e-8	1.2932051128124734e-6
ENSG00000132740	966.863297432253	0.3709278823047503	0.1372544776182766	2.7024829261771064	0.006882371907822076	0.032860513913264576	IGHMBP2	966.863297432253	0.6654644571335288	0.13489371264632696	4.93325036488755	8.087238362910274e-7	3.244157266194259e-5
ENSG00000054967	546.6173282216511	0.8858777879649973	0.2092626095350047	4.233330502441292	2.3025573585011438e-5	3.9178899053881e-4	RELT	546.6173282216511	0.5329403596626568	0.2086483966255487	2.5542509229970234	0.010641653661526113	0.06033351292269108
ENSG00000137656	1095.9117552613868	0.3339866726816592	0.09724963081855348	3.434323296350659	5.94035235197375e-4	0.005110023100997863	BUD13	1095.9117552613868	0.8590340214753769	0.09352677685359818	9.184899238215626	4.119127742887808e-20	1.908219145664897e-17
ENSG00000172375	703.1489705262579	0.3044054062639933	0.13293927367423397	2.2898079540432494	0.02203245187088628	0.07707873582666136	C2CD2L	703.1489705262579	0.6307595965482837	0.12937709054862212	4.8753577149830365	1.086114585444761e-6	4.2270166833529034e-5
ENSG00000166261	603.4117703275931	0.45573723572768365	0.16658597249028445	2.7357479679404757	0.006223867430327173	0.030484084692582094	ZNF202	603.4117703275931	1.1652472822615483	0.16224187224146472	7.182161214999478	6.861793843394178e-13	1.349893443629915e-10
ENSG00000284024	1027.3746539593121	0.43887330842172095	0.09277633364480709	4.730444620736376	2.240286356137451e-6	5.668326774096244e-5	HSPA14	1027.3746539593121	0.3967012340716286	0.09072617764073225	4.3725112683853045	1.2282547546643665e-5	3.161105113214152e-4
ENSG00000152464	678.0563526504641	0.44316041221861646	0.11413939647583293	3.882624456599857	1.0333509663268295e-4	0.001319780319032134	RPP38	678.0563526504641	0.4098975352326895	0.11157903177192385	3.6736072066887235	2.391502709783997e-4	0.0033851693481387747
ENSG00000196793	208.0117074810128	0.8407833956126084	0.17055652711757524	4.92964655074739	8.237851981364122e-7	2.4158125015045843e-5	ZNF239	208.0117074810128	0.7688400961741725	0.1660066821866629	4.63138041220332	3.6323577951031276e-6	1.1540772189264606e-4
ENSG00000107984	3797.0225178142937	0.47845819552927865	0.1858230904689599	2.5748048551006146	0.01002966564112449	0.04288852327731887	DKK1	3797.0225178142937	0.8197140363563262	0.18537756905964342	4.421862043581935	9.785393062615729e-6	2.651472259853292e-4
ENSG00000272599	58.81620482913169	1.0205267561811444	0.3420756542762738	2.9833364152741684	0.0028512440667844514	0.016869967162832705	AC016394.3	58.81620482913169	0.8124181832683588	0.33650477832150766	2.414284240838173	0.015766157560381605	0.08034697967517396
ENSG00000165655	157.75882404474362	0.5841036107575619	0.23066840094240926	2.53222204849547	0.011334219039293795	0.04703807226063391	ZNF503	157.75882404474362	0.6818465446854307	0.22432074094240226	3.0396054409454054	0.002368882649309778	0.019569336852094357
ENSG00000155287	283.2940830407179	0.5017545339455484	0.13321658708209652	3.7664569025202197	1.6558065086665037e-4	0.00192770736693174	SLC25A28	283.2940830407179	0.631750562607294	0.12655850508838212	4.991766947358544	5.982941970397752e-7	2.5420422969491748e-5
ENSG00000166189	1158.78942331861	0.3561593789677082	0.12381324921157932	2.8765853512097257	0.004020034614497112	0.021922115558205953	HPS6	1158.78942331861	0.7293787140181913	0.12143669928281269	6.0062462033783435	1.898678072692298e-9	1.842359175806358e-7
ENSG00000148840	2825.382245341696	0.45172883568563166	0.1917490777155371	2.355833160020612	0.01848121617641218	0.06790772455518894	PPRC1	2825.382245341696	0.7003656198620479	0.19121768070340922	3.6626614091630967	2.4960837358857605e-4	0.0034788051282494906
ENSG00000151923	1607.4224041906473	0.34900126501972767	0.13682275631298282	2.5507545266913443	0.010749000434875042	0.04520302084019694	TIAL1	1607.4224041906473	0.40458487559796313	0.13575653622232103	2.980223913015847	0.002880377535042785	0.0226658091949312
ENSG00000175470	561.8109330029512	0.36943700055163514	0.13166744283571624	2.80583409683583	0.0050186524294989245	0.025902938072787117	PPP2R2D	561.8109330029512	0.44687094066542044	0.12839259324366525	3.4805040491498023	5.004712591583817e-4	0.0059645375541688955
ENSG00000008323	1497.4670618744342	0.43820502577297454	0.17467531380092036	2.5086832033540944	0.012118211039079407	0.04944357832123993	PLEKHG6	1497.4670618744342	0.40587576667029446	0.17392192805725448	2.3336664399021703	0.019613194677867183	0.0937554232769889
ENSG00000197837	32.39415845502669	1.00357491247146	0.3679532418458096	2.727452291049543	0.006382548659737238	0.031009227017179536	H4-16	32.39415845502669	2.2834966590569037	0.3194676301609125	7.1478185689947065	8.816773370501737e-13	1.6882357649836726e-10
ENSG00000167528	438.9285008771788	0.31734180099971004	0.11981730090479298	2.648547401780235	0.008083851175199235	0.03686896848560054	ZNF641	438.9285008771788	0.6343492035847804	0.11348924358717957	5.589509485958371	2.277119277829928e-8	1.610921672360374e-6
ENSG00000139620	671.6770874508039	0.3287632423992558	0.12819682408457544	2.564519400124612	0.010331880330994886	0.043867386993075484	KANSL2	671.6770874508039	0.4060487599710881	0.12534650198119693	3.2394103828441816	0.0011977709985533875	0.011661823261169626
ENSG00000175197	625.36910367605	0.9498739394667646	0.2562992091402103	3.7061134236552764	2.104640750023096e-4	0.0023277326695255443	DDIT3	625.36910367605	0.767193182551665	0.2555422643554817	3.0022164219552816	0.002680215557210558	0.021479115857757157
ENSG00000135114	362.9166514583507	0.550982478384802	0.21600131061076056	2.550829329816824	0.010746693779497985	0.04520302084019694	OASL	362.9166514583507	1.398878357490328	0.21003119057994013	6.660336274949125	2.7320176105709492e-11	4.044794320145299e-9
ENSG00000280138	57.20744074616799	0.8040387402055919	0.32787876127118437	2.452244046208841	0.014196833961987773	0.055792836819141794	AC027290.3	57.20744074616799	0.9954555218947989	0.31487633574982177	3.1614173847783746	0.0015700334839014699	0.01426138574466098
ENSG00000100906	2815.5808302341175	1.3159666902255251	0.2583460455486966	5.093813947995862	3.509311638126241e-7	1.1635584883243408e-5	NFKBIA	2815.5808302341175	2.035482206218204	0.25786980680545524	7.8934491456529186	2.939473752515296e-15	9.176909252146124e-13
ENSG00000125378	1280.4250848651698	0.3906104546924103	0.09142728921467129	4.272361764716187	1.9341345545610402e-5	3.399334783521356e-4	BMP4	1280.4250848651698	0.46428141702506087	0.08938826502410782	5.1939862229101905	2.0583838005376724e-7	1.005457474813657e-5
ENSG00000126822	2525.5766322389195	0.2833953375706192	0.09594456871397608	2.953740283261469	0.003139480972815917	0.0181184209403957	PLEKHG3	2525.5766322389195	0.8448569768715745	0.09424602892019536	8.964377454958589	3.1203851815423006e-19	1.317995635062617e-16
ENSG00000170345	1628.0556318241586	2.485564483551414	0.332316354628955	7.479512966873539	7.459855141436906e-14	9.54614851322389e-12	FOS	1628.0556318241586	1.4959692281644144	0.3325148023336185	4.49895528760094	6.828821694236648e-6	1.9653047765717937e-4
ENSG00000182979	3525.6908251175373	0.4325929370983254	0.13515519270949122	3.200712665388747	0.0013708816336347345	0.009701431085557693	MTA1	3525.6908251175373	0.3579105536123418	0.13477157254990282	2.6556828479523436	0.007914801232444644	0.048803976169659744
ENSG00000166133	355.42125696127846	0.6297486249442804	0.12935520513382762	4.86836710044067	1.1252415675210527e-6	3.1168587533982075e-5	RPUSD2	355.42125696127846	0.3934146127673004	0.12678673482503988	3.102963518306511	0.0019159325676887423	0.016593665711007247
ENSG00000104142	1194.7771097610982	0.5033416426941663	0.1403828931079115	3.5854913056055238	3.3644421266178313e-4	0.003345858823927457	VPS18	1194.7771097610982	0.3999702439219316	0.13937599474434406	2.8697211787122514	0.004108338915902225	0.029707882764990864
ENSG00000241839	357.446132994701	0.5638369769947366	0.22452349106667333	2.5112605113881044	0.012030088222240939	0.049164102211982745	PLEKHO2	357.446132994701	0.6148324451899299	0.22182928956726825	2.771646820802201	0.005577351378058198	0.0370816403427286
ENSG00000137818	45543.68647713892	0.41459378516730105	0.13470025172558125	3.077899111962569	0.00208465477906691	0.01332183021009989	RPLP1	45543.68647713892	0.5928457151406146	0.1346564783872843	4.4026527519569925	1.0693524893119628e-5	2.817792862203504e-4
ENSG00000140988	27022.967187341965	0.49783005028248234	0.16405109433519383	3.0346036538183765	0.0024085197575884703	0.014853163520182119	RPS2	27022.967187341965	0.7470638448599196	0.16398720094782984	4.555622881188071	5.223057075794889e-6	1.5529673429708158e-4
ENSG00000162063	4701.432835394729	0.7527764299516646	0.08221141821741035	9.156592189675242	5.3562036947045747e-20	2.1886544606787465e-17	CCNF	4701.432835394729	0.4282523908102044	0.08199663425472373	5.2228045053633805	1.7623341838223918e-7	8.727200418577023e-6
ENSG00000010539	493.5766215736195	0.3557458310839468	0.1507159889384518	2.3603722046320077	0.018256607367240968	0.0672579844097928	ZNF200	493.5766215736195	0.4001359638943256	0.1476043161524744	2.7108689930244823	0.006710713464451737	0.04292764189888258
ENSG00000006194	1776.7674363454837	0.4090635109349591	0.10793351394250456	3.7899582436727153	1.5067261107421827e-4	0.0017904947888512629	ZNF263	1776.7674363454837	0.334817052469064	0.10696830198545446	3.1300585898296527	0.0017477144109645745	0.01543599425329782
ENSG00000103343	417.88143754561514	0.39757615650704903	0.13434050377096518	2.9594660236265735	0.0030817268198157655	0.017871707145328583	ZNF174	417.88143754561514	0.3968308414214161	0.13054068376172662	3.0399016611996896	0.0023665540635068347	0.019569336852094357
ENSG00000103199	546.359832060343	0.4994560873664663	0.2076265966809056	2.405549651878481	0.01614815742374306	0.06137409660020558	ZNF500	546.359832060343	0.513124063351782	0.20579018633581314	2.493433105281582	0.012651442099003369	0.06848754183350604
ENSG00000072864	3509.4645945223588	0.2535200550521494	0.11434552225105396	2.217140208564771	0.02661351189317492	0.0888302690566761	NDE1	3509.4645945223588	0.49067182043352864	0.11358342382599536	4.319924544493531	1.5608256042956036e-5	3.8120776366138033e-4
ENSG00000188215	673.107248737761	1.0535633674204907	0.11587239763427072	9.092444697190645	9.683671785275961e-20	3.748549348080325e-17	DCUN1D3	673.107248737761	1.2461563225720726	0.11297682791152057	11.030193939840636	2.7327510134374586e-28	1.8688113001893021e-25
ENSG00000180747	21.151812743467612	0.9998575121038914	0.44881531305382577	2.227770494951851	0.02589582333473578	0.08694675310131957	SMG1P3	21.151812743467612	1.2605782628861681	0.4222383212375565	2.9854662627292687	0.002831463695346252	0.022379003923427367
ENSG00000180035	1337.4996410969914	0.4823651291759117	0.17235062079421581	2.7987432070340423	0.005130191871957333	0.026320706078657167	ZNF48	1337.4996410969914	0.9729834551953463	0.17078244938971818	5.697209863614499	1.2178398395243478e-8	9.253649701274688e-7
ENSG00000169951	505.864767180069	0.6258837049904726	0.2283776939312077	2.74056408144222	0.006133382051886688	0.0301012005361057	ZNF764	505.864767180069	0.6455404951420805	0.22663649437000577	2.8483519255648817	0.0043946298473560635	0.03128967736136858
ENSG00000167395	2169.8574472835116	0.42421590752011384	0.10821206363030333	3.9202274985662307	8.846541722594487e-5	0.0011697681642412728	ZNF646	2169.8574472835116	0.5167173675155372	0.10718735554819638	4.820693307273517	1.4306015323487342e-6	5.36419545850135e-5
ENSG00000069345	3561.1993139417254	0.33103761161908507	0.1511374715370059	2.1903079908150422	0.028501907707911646	0.09336228875593483	DNAJA2	3561.1993139417254	0.3573744124426512	0.1507187018334629	2.371135155062132	0.017733545056838183	0.08721624676755245
ENSG00000159461	4985.928953273003	0.18981227194434624	0.07226031238501876	2.626784547138198	0.008619589149470938	0.03864091441528894	AMFR	4985.928953273003	0.35052268664670966	0.07146338733917466	4.904926840132594	9.346216822736305e-7	3.69754875458171e-5
ENSG00000205250	3249.7282629267643	0.3774866460705539	0.13100462053904513	2.881475817549857	0.003958176066044138	0.021695008214735374	E2F4	3249.7282629267643	0.49225471047839714	0.13041370208815434	3.7745628150763872	1.602885169419089e-4	0.0024831751799382455
ENSG00000135723	1228.5102814715758	0.7368388617226189	0.16195781885963736	4.549572641264136	5.375497526444043e-6	1.1778142416235634e-4	FHOD1	1228.5102814715758	0.4591203379957759	0.16145975979643462	2.8435589064087923	0.004461276186860413	0.03159190696227928
ENSG00000124067	1095.2671262995552	0.6765057191563199	0.1572754848838461	4.301406030672517	1.6971774559846628e-5	3.083428739811009e-4	SLC12A4	1095.2671262995552	0.37499881943326085	0.15673450536472042	2.3925734704087045	0.016730678044385654	0.08372550581990824
ENSG00000182810	985.3936900906112	0.5390425202259791	0.13488583838728122	3.996286983651258	6.434372585914651e-5	9.057256829118406e-4	DDX28	985.3936900906112	0.3290537936800965	0.13390546290237826	2.4573589945317478	0.013996274364003657	0.07349195471351243
ENSG00000132612	1760.9637888924206	0.3920357849798585	0.10518982923794903	3.726936223967411	1.9382147693699684e-4	0.002174733151371347	VPS4A	1760.9637888924206	0.4725282605004991	0.10389549888198231	4.548110992154306	5.412958712074609e-6	1.606105373225278e-4
ENSG00000176692	516.3863525007916	0.4408458989653369	0.1628237826917072	2.707503115807355	0.006779143442075133	0.03247780230726837	FOXC2	516.3863525007916	1.0138218208989218	0.15810996455180273	6.412131099850799	1.4349934953678643e-10	1.8237116448653007e-8
ENSG00000103264	1587.4939213911407	0.32472242330418927	0.1230355556275122	2.6392567713294213	0.008308802211521594	0.037639992230310226	FBXO31	1587.4939213911407	0.3842643307686099	0.12181579043452567	3.154470610073714	0.001607895723657496	0.014486192275687138
ENSG00000158792	1018.469009835674	0.6014620112988567	0.1600771388039341	3.7573260978604837	1.7173863582866205e-4	0.001975632271300894	SPATA2L	1018.469009835674	0.38763851991572584	0.15930441441452228	2.43331938628556	0.014961097458147601	0.077453612327490165
ENSG00000177602	790.1466895907605	0.3974824932119868	0.13966487982095466	2.8459731159440014	0.0044275932717583845	0.0235712081452706	HASPIN	790.1466895907605	0.48298232245372885	0.13747784713313585	3.513164720902275	4.4280286936060966e-4	0.005416603072306401
ENSG00000167840	322.22718396745057	0.612191142068882	0.13671632409637385	4.477820378182032	7.540900783891758e-6	1.5589226667260346e-4	ZNF232	322.22718396745057	0.47355213661714657	0.13325980665441087	3.553600658038116	3.799957471918618e-4	0.004833586293553877
ENSG00000040633	1916.0593154484059	0.35704591620325016	0.1303176401598839	2.739812628322599	0.006147421927164572	0.030160545348610974	PHF23	1916.0593154484059	0.5363712723047125	0.1292139556274172	4.151032059194254	3.309793954228415e-5	7.073206990576528e-4
ENSG00000179094	1342.7799479289547	0.539487121553085	0.15364969620124427	3.5111499397075683	4.4617266428236045e-4	0.00415323192245679	PER1	1342.7799479289547	2.3534867850994257	0.149667547024989	15.724763530109033	1.023321656492807e-55	1.130455562222554e-52
ENSG00000154914	361.0181969840663	0.32570389992197823	0.15081899071728008	2.159568223954841	0.03080611054505782	0.0989726621359219	USP43	361.0181969840663	0.7468847065194767	0.14412282272551008	5.182279200442529	2.1919077219739509e-7	1.0634454998401322e-5
ENSG00000188522	3093.848574968992	0.4014601331988635	0.14382732082884034	2.7912647672594515	0.005250250517970505	0.026803455001732705	FAM83G	3093.848574968992	0.8943808574670837	0.1429924154073326	6.254743336696026	3.9817018747671656e-10	4.636819795790629e-8
ENSG00000076604	5364.783391899407	0.3438961504424734	0.11509207226335076	2.9880090233806804	0.0028080126388415165	0.01670994146803307	TRAF4	5364.783391899407	0.5359505345968705	0.11463776692287626	4.675165514672287	2.937166350641906e-6	9.65232173033602e-5
ENSG00000073536	3428.7540906701806	0.6560855670464771	0.15955566729526996	4.111954016853194	3.92324450627127e-5	6.026539477688922e-4	NLE1	3428.7540906701806	0.3657223680706871	0.15937738401839643	2.2946942586814756	0.02175065206474147	0.099509752883642
ENSG00000067191	762.6602838163298	0.7186890133706284	0.22742134489119303	3.1601651714551084	0.0015767972267049285	0.010779306074304244	CACNB1	762.6602838163298	1.2005726345608583	0.22550169518022312	5.324007137069852	1.0150592113849005e-7	5.606640513345598e-6
ENSG00000126368	3711.8173519746515	0.7724731210856912	0.103083822221641	7.493640655124266	6.698897183681187e-14	8.658728151651235e-12	NR1D1	3711.8173519746515	1.882001094281796	0.1017300496948743	18.499952569831695	2.066557521018747e-76	2.4731527132791856e-73
ENSG00000131759	10364.871804244218	0.41333092287715956	0.11664641325384212	3.543451627421087	3.9492575267038296e-4	0.003772381464742881	RARA	10364.871804244218	0.8400546021530673	0.11635815001115977	7.219559627516411	5.215619561698413e-13	1.040298785077096e-10
ENSG00000175906	134.17911796948343	0.8083876102825068	0.20347934249606106	3.972823974984859	7.102553668773136e-5	9.810521053281289e-4	ARL4D	134.17911796948343	0.5144499870318957	0.20010817404864165	2.5708594337922692	0.010144649377262728	0.05848547158043759
ENSG00000125319	765.4889515371705	1.0303791341699902	0.11203322265319052	9.197085558804522	3.6778959280687677e-20	1.6749570750063766e-17	HROB	765.4889515371705	0.6708987068603429	0.11127296242033048	6.0293057025483145	1.6466555106090808e-9	1.6536797054445462e-7
ENSG00000272763	725.1907612115375	0.38322366331365737	0.1391782326061383	2.753474132683847	0.005896642980006162	0.029254604262228583	AC103702.2	725.1907612115375	0.4419587647890864	0.13686275847023416	3.229211289681894	0.0012413214665226286	0.011972207911841148
ENSG00000132481	2048.1530456784767	0.4526267162383661	0.1752722181490095	2.5824213387518196	0.009810972485946678	0.04222153918076663	TRIM47	2048.1530456784767	0.6658156751903245	0.17450135268305547	3.815533031423755	1.3588927573576388e-4	0.0022001193786260484
ENSG00000184557	1509.532603427031	0.8040226995565611	0.24360611606646224	3.300502928823028	9.651170627241632e-4	0.007449587536999473	SOCS3	1509.532603427031	1.3085974397824771	0.2427071051851685	5.391673386669537	6.980455962435832e-8	4.108456068710696e-6
ENSG00000173894	1137.3778829363023	0.3256422944868954	0.125718826440188	2.590242875372552	0.009590823928858353	0.04158033618895813	CBX2	1137.3778829363023	0.39455380474955487	0.12402806484427757	3.1811655309218416	0.001466837910564426	0.01358172742334992
ENSG00000141582	1311.2378290882818	0.37827180988213716	0.1384353923837991	2.7324790529968968	0.006285966845642807	0.03065571988596322	CBX4	1311.2378290882818	0.6031778897572428	0.13684373307573358	4.407785992095271	1.0443265582843122e-5	2.7773284636150013e-4
ENSG00000187531	925.6185556510097	0.3831052878305932	0.11001387053818483	3.4823362359350933	4.970591432652539e-4	0.004514054999600699	SIRT7	925.6185556510097	0.43458150564742565	0.10773971096452989	4.0336242018553286	5.4923129499651266e-5	0.001080480907869167
ENSG00000169733	1146.6083208218681	0.4035967451764799	0.1499424669685526	2.6916773702351193	0.007109368323673014	0.03358189723116319	RFNG	1146.6083208218681	0.4780283466342534	0.14856785363404548	3.2175759085255407	0.0012927881308492147	0.01235244866741555
ENSG00000177426	3767.991862520229	0.27969536702716047	0.08425183879580407	3.3197538596758784	9.009684739368854e-4	0.007092016272186472	TGIF1	3767.991862520229	0.3994748207182342	0.08342241647104144	4.788578869048999	1.6796654966181278e-6	6.058545473818703e-5
ENSG00000088836	388.57493758025095	0.5339229796652264	0.16676340527747657	3.2016795218161644	0.001366289104854057	0.009673351851650764	SLC4A11	388.57493758025095	0.39372461204304837	0.16436971626925437	2.395359808239173	0.016604062479223216	0.08337246438744368
ENSG00000088826	1762.7918629452554	0.40849127518392153	0.1548241148352286	2.638421512169845	0.008329297906440585	0.03771077449804854	SMOX	1762.7918629452554	0.5234229531618004	0.15391165120765063	3.4008013626961997	6.718863106237726e-4	0.007514765815317756
ENSG00000125846	184.95740257839046	0.7878619609187082	0.21818097737434108	3.6110479034427674	3.049623220685238e-4	0.003084460561682596	ZNF133	184.95740257839046	1.1711732013674807	0.21071148051562089	5.55818410321813	2.725957749856291e-8	1.8820903483502978e-6
ENSG00000125798	237.79945794971366	0.48243706046426804	0.1664148290132064	2.8990028312079246	0.003743515139215454	0.020820613655033078	FOXA2	237.79945794971366	0.557738306369834	0.16052524478349142	3.474458532189651	5.118854769673052e-4	0.0060491230620709985
ENSG00000196756	845.6200567823867	1.1042303467081724	0.20583593288990998	5.364614094365938	8.112246915371657e-8	3.2373719391137816e-6	SNHG17	845.6200567823867	0.5124036508378498	0.20589195050856754	2.488701717440516	0.012821048239704714	0.06916719525559707
ENSG00000198026	1651.5995086088813	0.4222129305906527	0.09931692337996083	4.251168040872303	2.1265853171871253e-5	3.666820384334682e-4	ZNF335	1651.5995086088813	0.6809987478610305	0.09751031013315478	6.9838640337734095	2.8716999992366552e-12	5.1550604611297e-10
ENSG00000158480	1541.0103178875688	0.33380564128269313	0.10311647894234324	3.2371706705514827	0.0012072118914137544	0.008838046773830058	SPATA2	1541.0103178875688	0.9191269887997606	0.10051271321352971	9.144385415675355	5.996987724400641e-20	2.6097800215187154e-17
ENSG00000124171	1677.349079385658	1.3459285581131546	0.338677449286436	3.974071970096944	7.065419815892942e-5	9.767942895471992e-4	PARD6B	1677.349079385658	1.10381531045236	0.3385157041272706	3.260750674176588	0.0011111769964152144	0.010982527767046727
ENSG00000124217	1422.0778003810549	0.35526932882402823	0.09095128559149075	3.9061496108996905	9.377846213321582e-5	0.0012202232837569024	MOCS3	1422.0778003810549	0.573797599773607	0.0887008480923457	6.46890770622882	9.871386237868623e-11	1.2657408728752793e-8
ENSG00000105556	1119.0180593269235	0.4801093367471463	0.13807221455295624	3.4772335498610047	5.066163128062368e-4	0.004563378119541461	MIER2	1119.0180593269235	0.5683298667757465	0.13655328672517414	4.1619640244878315	3.1552206775630905e-5	6.803622244817349e-4
ENSG00000070404	1084.7087729530808	0.507929383713015	0.22682917074037431	2.2392595363952736	0.02513903404660923	0.08491553297942786	FSTL3	1084.7087729530808	0.8002982688789263	0.2256240948089235	3.5470425689981506	3.89581636928805e-4	0.004929323249281558
ENSG00000099860	765.2119461729493	1.3899196070053437	0.20572217611174096	6.7562945000658985	1.4156552865199137e-11	1.3284852397863239e-9	GADD45B	765.2119461729493	1.2772715692756258	0.20492396133950255	6.232904931793401	4.5786406019808344e-10	5.21856013373387e-8
ENSG00000171970	196.53217990636986	0.677602951940328	0.167757135081625	4.03919005656975	5.363609212329276e-5	7.768954634584332e-4	ZNF57	196.53217990636986	0.8015943879692602	0.16066498208321298	4.989229000468139	6.062075062373426e-7	2.5605135285513165e-5
ENSG00000167674	3007.810404698285	0.3364563318654232	0.14803534080478178	2.272810870946805	0.0230375796585274	0.07964647237068166	HDGFL2	3007.810404698285	0.37127547078806544	0.14752339915990972	2.516722587076624	0.011845205319741588	0.06545170973328547
ENSG00000185361	1107.632036651709	0.3002762536977998	0.13233906321874023	2.2689918335108663	0.02326882249246849	0.08015449331999602	TNFAIP8L1	1107.632036651709	0.49306859930286273	0.13038224025076045	3.781715963420769	1.557510169758555e-4	0.0024269595261969495
ENSG00000127666	945.5659287364812	0.7305468508726296	0.1864607472812414	3.9179659071661628	8.929933224964395e-5	0.0011770375921062515	TICAM1	945.5659287364812	0.7214930428633692	0.1854098514524047	3.8913414643912745	9.969151791349805e-5	0.001735357440916055
ENSG00000087903	606.6561131925603	0.31347140256877687	0.12694798025958742	2.469290192154142	0.013538138137124796	0.05383269925917831	RFX2	606.6561131925603	0.6040594259531157	0.12277940943635231	4.919875643043017	8.659921583600269e-7	3.4450175585064673e-5
ENSG00000130544	177.36741633622518	0.5623780733533043	0.219840457342399	2.558119102151461	0.010524004103216187	0.04446212265598894	ZNF557	177.36741633622518	0.8437681889589338	0.21236198055225966	3.973254472220807	7.0897234976707575e-05	0.0013432126536945877
ENSG00000127452	655.5184879419762	0.2966987319976362	0.12069083632213906	2.4583368633365823	0.013958217702476511	0.055111358511609226	FBXL12	655.5184879419762	0.3514418092214506	0.1176452652688048	2.9873009204276073	0.0028145253588854387	0.02228839791516565
ENSG00000161914	184.49642143578865	0.4705732752942666	0.17747271382852142	2.651524649298744	0.008012926393373107	0.03666518869274138	ZNF653	184.49642143578865	0.5103712172977294	0.17067609369350953	2.9902911781788557	0.002787116245652548	0.02212591288215381
ENSG00000171223	5355.758175646926	0.8389736885289487	0.19395643602886697	4.3255779787791235	1.5213243814750327e-5	2.8211002063184917e-4	JUNB	5355.758175646926	1.1468151160454552	0.1936957598040895	5.9207032575487615	3.205678246374966e-9	3.0089376010582276e-7
ENSG00000160888	5082.970969302282	0.9666157731338605	0.1587406632507603	6.089276391688698	1.134221601779354e-9	6.96916161982203e-8	IER2	5082.970969302282	0.5283299160688777	0.15868979499150734	3.3293250904833074	8.705672537840479e-4	0.00915242776836948
ENSG00000104957	332.3072939650651	0.7183893654353303	0.1989051092630575	3.611719015650023	3.041740405734649e-4	0.0030823500289525723	CCDC130	332.3072939650651	0.7946295477441668	0.19568005876354203	4.060861146328609	4.889204440357588e-5	9.889276756052862e-4
ENSG00000132003	816.2397574429699	0.4435222415864652	0.17210157059030914	2.5770958397717227	0.009963432114774079	0.04266420986315316	ZSWIM4	816.2397574429699	0.8211847732218851	0.16974173057542302	4.837848479793836	1.3125213436157897e-6	4.9997663171528796e-5
ENSG00000132017	935.028511287876	0.5488435832078667	0.10581044890350087	5.187045219970781	2.1365686529025676e-7	7.693634656172873e-6	DCAF15	935.028511287876	0.3454178365041998	0.10447102275997631	3.3063506738878425	9.451971501731202e-4	0.009720031383658878
ENSG00000105085	259.9198611341601	0.6887408390759263	0.16423606500221316	4.1936029036414455	2.745584399105999e-5	4.513017923116485e-4	MED26	259.9198611341601	0.8485258563894583	0.15853217335294129	5.352388972176514	8.680056231914413e-8	4.927046938597743e-6
ENSG00000254901	355.04806603717947	0.30687913369575914	0.12684499355531806	2.4193239724666533	0.01554938453572365	0.05983267150873385	BORCS8	355.04806603717947	0.523216701180351	0.12018902144748059	4.353281979327728	1.3411446612926926e-5	3.3849171319550716e-4
ENSG00000166289	108.99822929993374	1.0049669841127193	0.2504375578341849	4.0128445302046485	5.999142685186553e-5	8.514273633128194e-4	PLEKHF1	108.99822929993374	0.7350609741815541	0.24701317517342514	2.975796629736354	0.0029222858353406514	0.02295490825494755
ENSG00000188766	110.88155026616275	0.6488973629527426	0.2252825163244825	2.880371604239862	0.003972067004639705	0.02172500370888068	SPRED3	110.88155026616275	1.038364407334141	0.2124425888902608	4.8877412611014535	1.0199946010716854e-6	4.013189716709719e-5
ENSG00000183760	200.44937347850677	0.5643391223702243	0.22435341772884745	2.515402386480611	0.01188965966825491	0.048755161626922415	ACP7	200.44937347850677	0.5752027405988174	0.21981509787113648	2.6167572026195485	0.008876945856241648	0.05311742476728595
ENSG00000128011	828.806594781591	0.5687315282372792	0.24202196564350173	2.3499169867706162	0.018777598369839544	0.06865462412245467	LRFN1	828.806594781591	0.6589435698989371	0.2408880880726714	2.735475943086676	0.006229013924389001	0.04064283006276712
ENSG00000128016	4378.460327703835	1.294392996818562	0.14374132616174606	9.005016381733085	2.1563361788070168e-19	8.143587656743378e-17	ZFP36	4378.460327703835	1.0724695417894605	0.14358437242832223	7.469263706430453	8.06447814735562e-14	1.9629486554944753e-11
ENSG00000197019	1268.4557894131146	0.48668617838820927	0.21061350840387846	2.310802294100367	0.0208437777466987	0.07392236707051825	SERTAD1	1268.4557894131146	0.5026578496110998	0.20982889560803344	2.3955606693468923	0.01659496763721687	0.08337246438744368
ENSG00000167565	986.2507470255426	0.5272990116665417	0.2100681695293934	2.510132843294759	0.012068575093267185	0.04930602024911586	SERTAD3	986.2507470255426	0.704321036271861	0.20882072464679635	3.3728502640873606	7.439439751477788e-4	0.008103298647543557
ENSG00000086544	2267.7191935058563	0.3045039322868949	0.13533882298145708	2.249937790050201	0.02445289463077301	0.0829851880423098	ITPKC	2267.7191935058563	0.884175103159172	0.13399312329441662	6.598660300024627	4.1488972572084016e-11	5.958231351076986e-9
ENSG00000105732	1637.801179335106	0.6896280669625148	0.12170408122694963	5.6664333686273	1.4580049068256262e-8	6.925076066652759e-7	ZNF574	1637.801179335106	0.9420976539594792	0.12035845162772749	7.827432483706397	4.979338848980863e-15	1.4301657042042837e-12
ENSG00000167625	1194.586338359258	0.632781957915649	0.1567504299202964	4.036875421888173	5.4167813854378135e-5	7.816723482956114e-4	ZNF526	1194.586338359258	0.5154917588821933	0.1559143600719456	3.3062493964271367	9.455388791150652e-4	0.009720031383658878
ENSG00000073008	9315.242447810142	0.46170886982618975	0.12530273901359773	3.6847468256546696	2.2893008261572702e-4	0.0024599260230547654	PVR	9315.242447810142	0.6477362198309521	0.12507417905199744	5.1788164810713395	2.2329800030509274e-7	1.079724775212605e-5
ENSG00000170684	214.2527821098584	2.2026513150606903	0.2598962688994669	8.475117108790508	2.348431748809815e-17	5.509563211904723e-15	ZNF296	214.2527821098584	0.7719235987943794	0.2644328813023837	2.9191664629319343	0.0035096875200529344	0.02627873955968727
ENSG00000170608	1384.18077661613	0.6250747277322598	0.18129291576266138	3.447871777574436	5.650222015159036e-4	0.0049400360069295594	FOXA3	1384.18077661613	0.7924069575610017	0.18030831092540853	4.394733406874469	1.1090877974734532e-5	2.911811674500231e-4
ENSG00000105287	3895.5750762976145	0.5116180418372205	0.09007059956760861	5.6801891437748315	1.3454587185704787e-8	6.449870835401019e-7	PRKD2	3895.5750762976145	0.31935164961187235	0.08967839028214543	3.5610769618759965	3.6933679739773183e-4	0.004735755131632881
ENSG00000142528	1230.233673862637	0.4246577447652371	0.17431255530653125	2.436185643761977	0.014843064620351858	0.0577172306834576	ZNF473	1230.233673862637	0.6333971618565309	0.17301434190002443	3.6609517737121275	2.512800581580163e-4	0.0034899738058097414
ENSG00000198093	478.8442147159274	0.41101585988104405	0.18890035889929746	2.175834192565807	0.029567660950736457	0.09579946896028527	ZNF649	478.8442147159274	0.4670287275104485	0.18635748216271966	2.506090563633277	0.012207434807770477	0.0668105835649359
ENSG00000176024	215.50747767153544	0.531527407488916	0.2031219304905843	2.616789857230876	0.008876096738249854	0.039346545060137635	ZNF613	215.50747767153544	0.732982996479246	0.19698474172392155	3.721014074818738	1.9842437762364302e-4	0.002949867999019811
ENSG00000160439	547.9152631097405	0.5099003875591905	0.14701688592401568	3.4683117136811608	5.237393970264174e-4	0.004663358725449711	RDH13	547.9152631097405	0.44786900517327927	0.14474496801615264	3.0941939558361704	0.001973484246636226	0.016991131454402182
ENSG00000197951	89.83437311563156	0.48338476834199445	0.22076179220048972	2.189621507978146	0.02855169785645802	0.09345063524775674	ZNF71	89.83437311563156	0.577630377857587	0.20858737018138462	2.76924905546912	0.005618566772121028	0.037286616180420555
ENSG00000083817	301.54282077450364	1.1462631221468946	0.1536045670531999	7.46242865129065	8.494201422206672e-14	1.0780673346020337e-11	ZNF416	301.54282077450364	0.6860430495003486	0.15290899878263534	4.486610042327064	7.2365348935629274e-6	2.0701967650688685e-4
ENSG00000183647	201.80109186507926	0.6399317842707668	0.15153643177219328	4.222956663205484	2.411181957175768e-5	4.06696529683111e-4	ZNF530	201.80109186507926	0.3715741302881463	0.1480416794177346	2.5099291750106536	0.012075537835774437	0.06629330713176805
ENSG00000083828	187.90177371063257	0.9973104133846087	0.1811189057451222	5.506384931389017	3.662771825044028e-8	1.591819341673022e-6	ZNF586	187.90177371063257	0.4838808322707008	0.18063760964725273	2.6787380170476034	0.007390018893835352	0.046125072752844685
ENSG00000198131	1684.9742542089866	0.3256802231891322	0.14913506336761162	2.1837937761580872	0.028977405144728026	0.09438076172927404	ZNF544	1684.9742542089866	0.36903610274409665	0.148211179354605	2.489934324462485	0.0127766702505392	0.06900555151109193
ENSG00000171574	623.6627098432459	0.35010245593532024	0.11345153876415331	3.085920735399847	0.002029229092277019	0.013064691586202645	ZNF584	623.6627098432459	0.5243552960949932	0.10951843050664097	4.78782697733417	1.6859690477313283e-6	6.058545473818703e-5
ENSG00000249471	351.43232361923873	0.3511143712171101	0.15167807901706956	2.314865625227205	0.02062028709917373	0.073517044771726	ZNF324B	351.43232361923873	0.9010654733889527	0.14408091645624543	6.253884938763481	4.003660293002145e-10	4.636819795790629e-8
ENSG00000083812	762.8604524303354	0.3070254528588752	0.1275290108335292	2.407494975865945	0.016062383212248996	0.061183257480556814	ZNF324	762.8604524303354	1.0865982589261667	0.12254958131874948	8.866601152230315	7.541243620471344e-19	3.094279989531113e-16
ENSG00000169635	566.0098663686034	0.444846296877318	0.16421411650147716	2.708940658419683	0.006749841121498422	0.03236746358788528	HIC2	566.0098663686034	0.3828577015067853	0.16220034448561488	2.360400051682627	0.018255236800451935	0.08886896803094585
ENSG00000099992	702.1736183676688	0.38480093612982064	0.14460783524630114	2.6609964492893083	0.007790977871317207	0.03592557949175968	TBC1D10A	702.1736183676688	0.37941826235812276	0.1425275599020505	2.662069445508442	0.00776618539226527	0.048087935403797764
ENSG00000100335	5344.600915530617	0.2654189616016688	0.09359365512642105	2.8358649017730504	0.004570177371456826	0.02408598584739193	MIEF1	5344.600915530617	0.2632309872222838	0.09315156727691402	2.825835301726812	0.004715750403512529	0.032875190070312345
ENSG00000154734	107.36636045905927	1.2338438654834976	0.3177885974576438	3.8825932565058423	1.0334836070789167e-4	0.001319780319032134	ADAMTS1	107.36636045905927	0.8638064766057992	0.3160866700711852	2.7328152636467182	0.0062795542358669776	0.04080573682411116
ENSG00000183421	4574.40168301357	0.43131473682411803	0.12964602448260035	3.326864348871757	8.782911738029656e-4	0.006949136706778293	RIPK4	4574.40168301357	0.7421631741446821	0.12912329763217753	5.747709265130594	9.04606077465693e-9	7.217248821380454e-7
ENSG00000160194	1131.1205859067225	0.6241907087452299	0.09765002766134859	6.39212014265813	1.6360126915242202e-10	1.2357083178322451e-8	NDUFV3	1131.1205859067225	0.23747572405724274	0.09706089232901287	2.4466674307120284	0.014418381181682122	0.07521335711955575
ENSG00000211459	18679.238254231957	0.6332250598823164	0.16785801652875498	3.772384977358776	1.6169451362165683e-4	0.001898163645881527	MT-RNR1	18679.238254231957	2.0085250573390763	0.16765901053529011	11.979821728199374	4.5329739606709956e-33	3.426212581536641e-30
ENSG00000210082	141546.0502655423	0.7169590339804226	0.15959726890757384	4.4923013964332235	7.045761380379234e-6	1.4782732955798383e-4	MT-RNR2	141546.0502655423	1.9861709718073903	0.15957182482117593	12.4468775990573	1.4542384537912148e-35	1.392287895659709e-32
ENSG00000198804	189245.89949945337	0.5104289138536726	0.18830454060042753	2.710656430408528	0.006715016531467644	0.03224653012841013	MT-CO1	189245.89949945337	1.192446375638162	0.18829287160605832	6.332934250070649	2.4054208725058594e-10	2.9028780798366928e-8
ENSG00000198712	114615.09866356544	0.7073970268679638	0.2163026672194209	3.2704036245210464	0.0010739412959597761	0.008107706985198037	MT-CO2	114615.09866356544	1.0044877095492823	0.2162914189419681	4.64414036609927	3.4149533798910493e-6	1.097139720103252e-4
ENSG00000228253	7196.576198940292	0.6797465883671436	0.27788679499138624	2.446127706025808	0.0144399842929784	0.05650460368776284	MT-ATP8	7196.576198940292	0.8039345553467226	0.2777722603929611	2.8942218859774047	0.0038009945988823506	0.02809371252421484
ENSG00000198938	101970.00691910554	0.6507964455566813	0.2224151374732553	2.9260438518261256	0.0034330254245347382	0.019514304579110093	MT-CO3	101970.00691910554	0.9504299283064142	0.22240258622575196	4.2734661697758805	1.9245749641118376e-5	4.494117245465057e-4
ENSG00000198840	28404.078716598076	0.7297679680290629	0.21645337437935264	3.371478823656884	7.476578637938371e-4	0.006118781375784235	MT-ND3	28404.078716598076	0.7416568827724094	0.21642225477862945	3.426897495042844	6.105194859433067e-4	0.00697498135591051
